83;495229664;1273852531;(1.0, 0.268)
172079;1273845454;1273654823;(0.21666666666666667, 0.062)
386706;9258397910;9258397901;(0.16666666666666666, 0.115)
386879;9382851548;9382851553;(-1, -1)
557;513858708;513885547;(0.0, 0.0)
878;914298412;4923229518;(0.1, 0.036)
387159;9415886677;4332841548;(0.15, 0.024)
172168;1273847539;1746054637;(0.0, 0.0)
173045;1273877406;1752642427;(2.0, 0.562)
1023;1273461149;1831294259;(0.06666666666666667, 0.032)
173332;1273886086;1753032268;(0.0, 0.0)
1374;1273536823;1706421347;(0.016666666666666666, 0.002)
387615;9528552043;10737126406;(0.18333333333333332, 0.075)
1524;1273593039;4370545131;(0.016666666666666666, 0.001)
1621;1273609111;1709508383;(0.1, 0.047)
174089;1273911234;639076299;(0.0, 0.002)
387725;9555463334;9555463341;(0.016666666666666666, 0.013)
387778;9555471333;9555471338;(-1, -1)
388519;9888003498;9888003500;(0.18333333333333332, 0.089)
388847;9906952269;1768569866;(-1, -1)
388949;9918084712;1756940534;(-1, -1)
389878;10115692079;10115692069;(-1, -1)
390331;10612101798;1273873970;(0.3, 0.075)
2563;1273789726;4265284429;(0.15, 0.049)
390758;10733274912;1759644136;(0.15, 0.078)
390872;10735401910;10735401911;(0.38333333333333336, 0.259)
174098;1273912100;1273455572;(0.0, 0.0)
174166;1273918843;6408095320;(0.0, 0.0)
2606;1273795547;1817713705;(0.16666666666666666, 0.092)
174364;1273929917;4331488776;(-1, -1)
390981;10735417107;10735401917;(0.4166666666666667, 0.285)
174365;1273929917;4331488777;(-1, -1)
391222;10739798357;5194989003;(0.11666666666666667, 0.038)
2837;1273845713;495336205;(-1, -1)
174641;1273942386;1273963417;(0.9666666666666667, 0.192)
391352;10748747350;10748747351;(0.0, 0.001)
2838;1273845713;495336196;(-1, -1)
3090;1273887407;1273827202;(-1, -1)
3371;1273963704;5557828094;(0.0, 0.006)
175017;1273959562;8035952918;(-1, -1)
3478;1273978944;4286846849;(0.0, 0.006)
391886;10830843041;4288690216;(0.7833333333333333, 0.121)
4387;1666013971;1666014200;(0.38333333333333336, 0.097)
4600;1701740678;1701740682;(0.3333333333333333, 0.051)
5347;1710500110;10210376431;(0.0, 0.003)
5501;1710982558;1710982550;(0.06666666666666667, 0.008)
5522;1710982581;1710982547;(0.18333333333333332, 0.095)
392184;10903417683;10903417686;(-1, -1)
175018;1273959586;1770496703;(0.21666666666666667, 0.049)
175043;1273960013;1273798148;(0.36666666666666664, 0.112)
392185;10903417685;10903417689;(-1, -1)
392186;10903417686;10903417696;(-1, -1)
5695;1710982720;1710982747;(0.3333333333333333, 0.051)
5880;1711015399;7092509370;(0.0, 0.0)
6465;1712258380;4375898950;(-1, -1)
392187;10903417686;10903417683;(-1, -1)
392188;10903417686;10903417738;(-1, -1)
7018;1752177862;5438615462;(-1, -1)
175325;1273966494;1273943207;(0.05, 0.044)
392189;10903417686;10904091120;(-1, -1)
392190;10903417688;10903417689;(-1, -1)
392191;10903417689;10903417685;(-1, -1)
7429;1754028135;1754028119;(0.5166666666666667, 0.176)
8176;1754073094;1754073121;(-1, -1)
8192;1754073121;1754073094;(-1, -1)
8371;1754073324;5067375737;(0.3, 0.156)
175374;1273968328;1746828615;(0.016666666666666666, 0.003)
392192;10903417689;10903417709;(-1, -1)
8628;1754114412;1754114404;(0.0, 0.0)
9097;1826469865;1826469868;(0.06666666666666667, 0.042)
392193;10903417689;10903417688;(-1, -1)
10291;1828805480;1828805474;(0.2, 0.071)
392194;10903417689;10903417767;(-1, -1)
10900;1832652751;1832652744;(-1, -1)
175414;1273969037;7084414586;(0.016666666666666666, 0.005)
175650;1273974024;1727274213;(0.13333333333333333, 0.043)
176090;1273982963;5468249158;(0.03333333333333333, 0.005)
392196;10903417695;10903417696;(-1, -1)
176100;1273983027;1273897774;(0.0, 0.001)
11158;1832653079;1832653070;(0.6166666666666667, 0.165)
11680;1832710152;1832710144;(0.0, 0.008)
12011;2465714766;4865512604;(0.0, 0.001)
392197;10903417696;10903417709;(-1, -1)
176601;1295957974;1273121912;(0.6166666666666667, 0.142)
392198;10903417696;10903417686;(-1, -1)
392199;10903417696;10903417695;(-1, -1)
392200;10903417696;10903417768;(-1, -1)
392225;10903417708;10903417709;(-1, -1)
392226;10903417709;10903417689;(-1, -1)
392227;10903417709;10903417696;(-1, -1)
12307;2968098465;2968098468;(0.0, 0.0)
392228;10903417709;10903417708;(-1, -1)
178405;1305383530;1305383264;(0.0, 0.0)
392229;10903417709;10903417769;(-1, -1)
392305;10903417738;10903417686;(-1, -1)
392330;10903417748;10903417732;(-1, -1)
392390;10903417767;10903417689;(-1, -1)
392394;10903417768;10903417696;(-1, -1)
12802;3740697249;5057369767;(0.0, 0.0)
392397;10903417769;10903417709;(-1, -1)
392439;10904091120;10903417686;(-1, -1)
392766;10932631762;10932631767;(0.13333333333333333, 0.063)
178689;1305700945;1305701415;(-1, -1)
178917;1305701328;1305701297;(-1, -1)
12817;3740697273;3740697284;(0.0, 0.0)
392960;10936482868;1768675092;(0.0, 0.001)
393535;10996445098;1756160682;(0.08333333333333333, 0.015)
393741;10996643227;1755125169;(-1, -1)
393945;11001071868;11001298309;(0.1, 0.038)
394140;11001206564;11001206565;(0.05, 0.038)
394188;11001317659;1814819859;(0.75, 0.116)
179193;1305701616;3951045454;(-1, -1)
179425;1305702076;273427588;(0.11666666666666667, 0.058)
180621;1306578788;1306578238;(0.0, 0.002)
181302;1307610276;824081467;(0.0, 0.0)
394358;11002567776;11002567775;(-1, -1)
394437;11006398112;1761762913;(-1, -1)
181306;1307610316;1307610113;(0.25, 0.126)
182287;1316928133;1316928629;(-1, -1)
394438;11006398112;11006398113;(-1, -1)
182294;1316928136;1316929322;(-1, -1)
13396;3743601845;3743601864;(0.0, 0.0)
394439;11006398112;1761762938;(-1, -1)
394442;11006398113;11006398112;(-1, -1)
394677;11026979293;11026979297;(0.36666666666666664, 0.081)
13476;3743602865;1754035733;(0.016666666666666666, 0.007)
182621;1316928815;5436074255;(0.1, 0.05)
182640;1316928846;1316928022;(1.55, 0.127)
182814;1316929171;1316929215;(0.08333333333333333, 0.028)
182887;1316929278;1316928142;(0.03333333333333333, 0.007)
394759;11028473011;11028473129;(-1, -1)
13668;3743615802;3743615801;(0.05, 0.045)
14089;3756750927;4112895624;(0.0, 0.002)
14275;3760433279;1711032938;(0.05, 0.028)
183414;1317289056;1317289028;(0.4166666666666667, 0.114)
184320;1317787998;1978321867;(0.016666666666666666, 0.007)
185454;1330494681;1330495300;(0.0, 0.0)
185899;1330495350;1330495229;(0.0, 0.004)
186066;1330621881;1330621975;(0.03333333333333333, 0.005)
186239;1330622024;1330621812;(0.21666666666666667, 0.062)
14503;3802982841;1273728693;(0.016666666666666666, 0.005)
14597;3952895387;8430473485;(0.0, 0.0)
394869;11028473070;11028473068;(-1, -1)
14732;4116994909;4116994908;(0.03333333333333333, 0.028)
186600;1331929793;1331930035;(0.0, 0.0)
186720;1331929970;1331929978;(0.15, 0.045)
186723;1331929971;1331929887;(0.8, 0.093)
187273;1331961859;1331929948;(-1, -1)
187286;1331961883;9473439276;(0.13333333333333333, 0.049)
14984;4149729030;10674919695;(0.13333333333333333, 0.099)
394871;11028473070;11028473144;(-1, -1)
187395;1331962087;1331961812;(0.2, 0.05)
187449;1332056877;1332057491;(-1, -1)
15069;4149786020;4149786027;(0.23333333333333334, 0.099)
187546;1332057028;1332057328;(0.13333333333333333, 0.042)
15401;4216771989;4216771990;(0.0, 0.002)
187558;1332057043;1332057408;(0.1, 0.04)
15422;4216772000;4216771997;(0.15, 0.071)
187693;1332057276;9136687368;(0.08333333333333333, 0.067)
16356;4352786279;4112539411;(0.0, 0.0)
16536;4370536101;4370536098;(0.25, 0.05)
394966;11028473129;11028473011;(-1, -1)
395093;11045661181;11045661182;(-1, -1)
17408;4506788245;4506788232;(0.5833333333333334, 0.087)
187851;1332057495;2181144058;(0.1, 0.077)
188717;1342138399;1342138909;(0.05, 0.005)
188768;1342138505;1342139086;(0.05, 0.02)
188838;1342138630;1342138648;(0.0, 0.001)
189001;1342138835;1342138597;(0.05, 0.035)
17502;4508861020;914291989;(0.0, 0.001)
17549;4509388902;4509388903;(-1, -1)
17664;4529251883;4529251886;(0.45, 0.27)
18471;4749207431;4749207434;(0.3, 0.159)
18676;4753236601;5002397783;(-1, -1)
18919;4791815260;4791815246;(1.7833333333333334, 0.431)
189172;1342139021;1342138366;(0.0, 0.001)
19100;4827554825;4827554834;(0.43333333333333335, 0.074)
19375;4932675656;4932675670;(-1, -1)
190600;1343053404;1343053335;(0.016666666666666666, 0.009)
190676;1343053530;1343053698;(0.11666666666666667, 0.031)
19910;4975813446;1273486482;(0.06666666666666667, 0.042)
20108;4976165263;11066595493;(0.25, 0.108)
190697;1343053571;1343053822;(-1, -1)
190708;1343053586;1343053722;(0.6, 0.18)
190852;1343053716;9192223021;(-1, -1)
21229;5067017608;1754049913;(0.6666666666666666, 0.077)
21470;5079467259;1712249734;(0.0, 0.0)
191013;1343053880;1343054005;(-1, -1)
191174;1343054012;1343053697;(0.21666666666666667, 0.044)
191795;1343446441;1343447200;(-1, -1)
21544;5364354043;5008547024;(0.36666666666666664, 0.092)
21688;5413173060;7189159864;(0.85, 0.932)
21689;5413173060;5413173059;(0.0, 0.002)
21951;5438615461;5438615462;(-1, -1)
21956;5438615462;5438615461;(-1, -1)
192056;1343446844;4354365484;(0.18333333333333332, 0.126)
21958;5438615463;5438615462;(-1, -1)
22494;5456820272;3802983984;(0.0, 0.0)
192857;1343539011;1343538924;(0.0, 0.001)
22556;5463343291;4370545179;(1.1333333333333333, 0.114)
22669;5463343766;4400537281;(0.0, 0.0)
22853;5487308846;1273749877;(0.11666666666666667, 0.062)
24007;6415349650;6415349651;(0.0, 0.003)
25508;7036176263;7036176264;(0.0, 0.0)
25810;7113234068;4747864869;(-1, -1)
193045;1344313775;1344314062;(0.0, 0.0)
193318;1344314124;1344313706;(0.9833333333333333, 0.065)
193333;1344314142;1344314062;(0.03333333333333333, 0.005)
193396;1344415156;1344416170;(0.0, 0.01)
26107;7830669048;7678205270;(0.15, 0.11)
193399;1344415163;10993483404;(-1, -1)
193407;1344415176;1344415125;(0.03333333333333333, 0.009)
26477;8208882789;11068061119;(-1, -1)
193512;1344415306;7779774765;(-1, -1)
26569;8228654581;11043579936;(-1, -1)
193660;1344415533;5724011349;(-1, -1)
26707;8940228373;8940228374;(0.0, 0.001)
27316;9873222524;9873222526;(0.03333333333333333, 0.041)
27402;9901117193;9901117337;(1.1166666666666667, 0.372)
193721;1344415596;5723969045;(-1, -1)
193814;1344415690;1344415588;(0.16666666666666666, 0.038)
27475;9901117369;9901117370;(0.016666666666666666, 0.007)
27630;10030065579;1754001003;(0.6166666666666667, 0.165)
28329;10980113051;10980113048;(0.21666666666666667, 0.146)
28517;10980189865;10980189868;(-1, -1)
194359;1344496473;1344496590;(0.0, 0.001)
194598;1345350930;1345350900;(0.0, 0.001)
195519;1345486011;1345485833;(0.0, 0.0)
195578;1345486060;11053999698;(2.8333333333333335, 1.289)
195814;1355562687;2055741178;(0.23333333333333334, 0.143)
28520;10980189868;10980189865;(-1, -1)
28551;10989007947;1273686471;(0.26666666666666666, 0.1)
28560;10989016091;10989016098;(0.2, 0.064)
28914;11068061119;8208882789;(-1, -1)
29169;422442252;5718678382;(-1, -1)
29171;422442252;1273737491;(-1, -1)
29347;440219645;440219648;(-1, -1)
196281;1359113558;1359113609;(-1, -1)
29385;440219754;2147203717;(-1, -1)
196343;1359113604;1359113607;(-1, -1)
30077;1273465291;11029462747;(0.65, 0.074)
30772;1273542131;1273878383;(0.0, 0.0)
196454;1359113713;1359113662;(-1, -1)
196569;1359113825;675163963;(0.05, 0.019)
196933;1359114398;1359114527;(0.5, 0.059)
196992;1359114477;1359114446;(0.0, 0.0)
197180;1359114868;1359114771;(0.11666666666666667, 0.029)
197274;1359114947;1359114862;(0.3333333333333333, 0.05)
197883;1359115607;1359115683;(0.0, 0.002)
30782;1273543497;5449350988;(-1, -1)
30784;1273543497;11032018660;(-1, -1)
198088;1359115914;1359115947;(0.0, 0.0)
31276;1273609565;1273817235;(-1, -1)
198611;1359116376;1359116332;(0.2833333333333333, 0.05)
198709;1359116469;1359116503;(0.0, 0.0)
198865;1359116643;1359116721;(0.0, 0.001)
31277;1273609565;1745661353;(-1, -1)
31278;1273609565;1745661315;(-1, -1)
198869;1359116644;1359116728;(0.55, 0.128)
199043;1359116796;1359116831;(0.0, 0.0)
31279;1273609565;5494640047;(-1, -1)
199084;1359116831;1359116863;(0.0, 0.001)
200049;1366344127;1366344098;(0.0, 0.0)
31355;1273617356;1746761841;(0.0, 0.0)
200772;1366538456;1366538452;(0.4666666666666667, 0.126)
200955;1366538574;1366538619;(-1, -1)
201399;1366591573;1366591609;(0.0, 0.0)
202102;1367679900;1367679931;(-1, -1)
202196;1367679997;1367679926;(0.4166666666666667, 0.099)
202756;1368673092;1368673072;(0.0, 0.003)
202875;1368673220;1368673222;(0.0, 0.003)
203203;1368766917;10844954082;(0.0, 0.001)
31670;1273645265;1273887946;(0.0, 0.001)
31808;1273662206;5497506285;(0.18333333333333332, 0.037)
32054;1273688535;1745661328;(-1, -1)
32971;1273762724;5494583384;(-1, -1)
203277;1368767069;1368767063;(0.016666666666666666, 0.007)
203915;1369163148;1369163149;(0.43333333333333335, 0.051)
32972;1273762724;1745661414;(-1, -1)
204674;1379749409;1379749358;(0.5833333333333334, 0.073)
205248;1381254606;1381254609;(0.6666666666666666, 0.119)
32973;1273762724;4314866338;(-1, -1)
205335;1381254655;1381254656;(0.2, 0.071)
33178;1273786176;1745661414;(-1, -1)
33296;1273792735;1745766138;(0.0, 0.008)
205631;1381309013;1381309015;(0.016666666666666666, 0.006)
33387;1273796057;1745661383;(-1, -1)
33530;1273805151;1273844333;(0.0, 0.0)
33636;1273817235;1273609565;(-1, -1)
206111;1382545968;1382545964;(0.8, 0.218)
206254;1382546023;1382546033;(1.5, 0.175)
206294;1382546036;1382546038;(-1, -1)
206598;1382546522;1382546552;(0.31666666666666665, 0.053)
207178;1382724770;9477818731;(0.2833333333333333, 0.042)
207798;1383621945;1383621815;(1.45, 0.156)
207824;1383621970;1383621951;(-1, -1)
34404;1273880098;4398278665;(0.4166666666666667, 0.083)
208264;1383676860;2978070746;(0.0, 0.0)
208374;1384279537;1384279557;(0.016666666666666666, 0.004)
36016;1570070998;5718663877;(-1, -1)
36891;1572590105;3743674844;(0.0, 0.0)
36958;1572590718;5449350988;(-1, -1)
36967;1572590725;5067175766;(-1, -1)
208978;1384280166;1384280188;(0.0, 0.0)
209037;1384280204;1384280178;(0.4, 0.046)
209387;1384280775;1384280709;(0.0, 0.0)
37328;1575375382;1575375077;(0.016666666666666666, 0.008)
39150;1738467149;4288415396;(0.15, 0.02)
39877;1745661163;1745661339;(-1, -1)
39898;1745661315;1273609565;(-1, -1)
209678;1384281442;1384281325;(0.2833333333333333, 0.042)
39905;1745661328;1745661339;(-1, -1)
39913;1745661339;1745661344;(-1, -1)
39914;1745661339;1745661328;(-1, -1)
209720;1384281551;1384281539;(0.0, 0.0)
39915;1745661339;1745661347;(-1, -1)
39916;1745661339;1745661163;(-1, -1)
210060;1384282387;1384282422;(0.0, 0.0)
39917;1745661344;1745661339;(-1, -1)
210076;1384282412;6277847948;(0.18333333333333332, 0.036)
39918;1745661344;5543361465;(-1, -1)
210877;1385631044;1385631013;(0.3333333333333333, 0.096)
39919;1745661344;1745661353;(-1, -1)
210903;1385631080;1385631068;(0.0, 0.0)
39923;1745661347;1745661353;(-1, -1)
211350;1385727800;1385727790;(0.2833333333333333, 0.054)
212229;1394788051;1394788060;(0.18333333333333332, 0.051)
39924;1745661347;4314866338;(-1, -1)
39925;1745661347;1745661339;(-1, -1)
212460;1394788337;1394788390;(0.0, 0.0)
212735;1396409234;1452747117;(-1, -1)
39926;1745661353;1745661347;(-1, -1)
212759;1396409248;1273723957;(0.9, 0.152)
212915;1399076950;2055741460;(-1, -1)
212928;1400834516;1400834519;(0.05, 0.016)
39927;1745661353;1273609565;(-1, -1)
39928;1745661353;1745661344;(-1, -1)
39929;1745661353;1745661383;(-1, -1)
213167;1403460898;1909513921;(0.1, 0.056)
213216;1404119684;1657677555;(0.1, 0.03)
213230;1404129807;1723385597;(0.25, 0.154)
39933;1745661383;1273796057;(-1, -1)
213677;1408095310;1408095144;(0.26666666666666666, 0.104)
213887;1410761759;1410761809;(-1, -1)
214207;1412831650;1752697948;(0.016666666666666666, 0.002)
214244;1412831702;1412831725;(0.0, 0.001)
214285;1412831766;1412831736;(-1, -1)
214360;1412831899;1752672189;(0.55, 0.051)
39934;1745661383;1745661353;(-1, -1)
39935;1745661383;5494640047;(-1, -1)
39942;1745661414;3016828199;(-1, -1)
39943;1745661414;5494612959;(-1, -1)
39944;1745661414;1273762724;(-1, -1)
39945;1745661414;1273786176;(-1, -1)
40231;1745732753;1745732756;(0.25, 0.038)
40615;1745766576;5472436673;(0.15, 0.031)
214361;1412831901;1412831909;(0.0, 0.002)
40852;1745790581;4762470740;(0.8666666666666667, 0.273)
214980;1414370465;1414370407;(2.0833333333333335, 0.226)
215238;1428592193;6632176649;(0.13333333333333333, 0.073)
215312;1439352078;1273454194;(0.0, 0.0)
215365;1439441509;847669893;(2.683333333333333, 0.763)
40913;1745790605;5735042267;(0.0, 0.003)
41080;1745826902;1745826864;(0.15, 0.051)
41430;1745858808;1745858798;(0.18333333333333332, 0.042)
215547;1452747117;1396409234;(-1, -1)
215680;1475240227;678200883;(0.0, 0.004)
216076;1571275658;1571276079;(0.05, 0.013)
41836;1745910615;1745910623;(0.0, 0.002)
42008;1745920177;8213932640;(0.26666666666666666, 0.18)
42238;1745932115;9029242720;(-1, -1)
218608;1655022170;5320964509;(0.0, 0.0)
219266;1672764252;1672764234;(0.16666666666666666, 0.049)
220811;1716250355;1716250354;(0.016666666666666666, 0.003)
221002;1723409961;1273692769;(0.016666666666666666, 0.003)
221112;1723430083;1723430097;(0.1, 0.078)
43122;1746707990;6013990706;(-1, -1)
221295;1723586064;1753089382;(0.25, 0.05)
222476;1745492190;499590066;(-1, -1)
222503;1746054577;1941200748;(0.3, 0.035)
43751;1746750790;8878647296;(0.0, 0.001)
44125;1746761905;5557817446;(0.38333333333333336, 0.038)
222810;1746075894;2173254811;(0.0, 0.002)
223168;1746106106;7133996594;(0.3, 0.123)
223587;1746791723;5723674585;(0.08333333333333333, 0.03)
223816;1746828487;4323522574;(-1, -1)
223999;1746828639;1746828650;(0.15, 0.048)
224121;1746828760;1746828766;(-1, -1)
224310;1747231466;1747231467;(0.0, 0.001)
224668;1752594982;1752594979;(0.0, 0.0)
44180;1746921103;4286607559;(0.0, 0.0)
225107;1752642261;1752642233;(0.5333333333333333, 0.105)
44777;1752938231;1752938221;(0.03333333333333333, 0.004)
45008;1752989150;5452965065;(-1, -1)
45863;1754249926;1754249924;(1.2166666666666666, 0.64)
225400;1752671915;1752671997;(0.0, 0.0)
225412;1752671925;1752671938;(0.6, 0.194)
46007;1754258355;1754258357;(0.016666666666666666, 0.003)
225454;1752671982;1752672000;(0.05, 0.038)
226223;1752839608;1752839612;(-1, -1)
46283;1775383798;3267595590;(0.06666666666666667, 0.012)
46845;1921641067;499908473;(0.2833333333333333, 0.071)
226232;1752839628;1752839612;(-1, -1)
226630;1753032407;1753032405;(0.15, 0.058)
227122;1753159085;1753159095;(2.7, 0.534)
227652;1753932082;1805764004;(0.18333333333333332, 0.06)
227892;1753960769;1753960763;(-1, -1)
228381;1754916256;5844929356;(0.2, 0.05)
228416;1754916297;1754916291;(-1, -1)
228702;1754948568;1937018064;(0.016666666666666666, 0.002)
46997;2145090395;10726369043;(0.08333333333333333, 0.011)
47160;2147203717;4763250344;(-1, -1)
229002;1754960987;1754960986;(0.21666666666666667, 0.034)
47161;2147203717;440219754;(-1, -1)
47206;2148461975;4475712169;(-1, -1)
47482;2517990093;4786635265;(0.0, 0.0)
47691;2910167403;1273797787;(0.0, 0.0)
47839;2975010052;10771255728;(0.0, 0.001)
229019;1754973967;1754973968;(0.11666666666666667, 0.033)
229348;1755018123;5489232221;(0.35, 0.096)
229384;1755018143;3737773237;(0.18333333333333332, 0.059)
48085;2979754877;5016802400;(0.2, 0.041)
229576;1755091093;3063530045;(0.9166666666666666, 0.105)
48306;3001101006;5401340813;(-1, -1)
230184;1755125751;1755125753;(0.0, 0.001)
48353;3016828189;3016828199;(-1, -1)
48354;3016828189;5494612959;(-1, -1)
48356;3016828199;1745661414;(-1, -1)
230483;1755155735;1755155739;(0.26666666666666666, 0.065)
48357;3016828199;3016828189;(-1, -1)
230870;1756483801;1756483808;(0.23333333333333334, 0.036)
48359;3016828207;5494640047;(-1, -1)
230976;1756499557;5116223859;(1.0333333333333334, 0.119)
231067;1756499747;4145455867;(-1, -1)
231335;1756541653;1756541630;(0.0, 0.0)
231356;1756541671;1756541678;(-1, -1)
49669;3268060012;3268060031;(0.0, 0.0)
231552;1756593279;1756593285;(0.18333333333333332, 0.037)
231688;1756661512;1813130175;(-1, -1)
50452;3320905024;3320905026;(0.1, 0.075)
231877;1757198502;1757198501;(0.38333333333333336, 0.177)
50658;3639667437;2975911807;(0.08333333333333333, 0.046)
231884;1757198646;528529073;(-1, -1)
232543;1758930307;1305701877;(0.0, 0.0)
232675;1761762913;1761762915;(-1, -1)
232679;1761762915;1761762913;(-1, -1)
50676;3639745052;3639745079;(0.13333333333333333, 0.043)
232946;1762157026;1762157006;(-1, -1)
233066;1762157158;1762157163;(-1, -1)
51390;3738206414;3738206394;(0.15, 0.075)
51406;3738206420;2148972324;(-1, -1)
51717;3738259999;5058947207;(-1, -1)
51916;3739308250;3739308247;(0.38333333333333336, 0.038)
233072;1762157163;1762157158;(-1, -1)
53743;4037163466;5016835000;(0.0, 0.003)
54224;4134193481;4997817025;(-1, -1)
54691;4285379034;4285379027;(0.0, 0.0)
233537;1762158079;1762158073;(0.0, 0.001)
56247;4314866338;1745661347;(-1, -1)
56250;4314866338;1273762724;(-1, -1)
234099;1781248635;1273749493;(0.0, 0.0)
56895;4373147692;4389389968;(0.31666666666666665, 0.109)
234284;1784003368;3748208670;(0.0, 0.001)
234384;1784889849;1784889802;(-1, -1)
234652;1804901694;1804901630;(0.5333333333333333, 0.079)
57474;4373953101;4373953102;(-1, -1)
236416;1814821030;10904528811;(0.1, 0.056)
236969;1827925764;1273466851;(0.0, 0.0)
236995;1827925789;1273661272;(0.13333333333333333, 0.044)
237250;1827979708;2031309087;(0.0, 0.001)
57477;4373953102;4373953101;(-1, -1)
238874;1844389426;1844389427;(0.0, 0.004)
238903;1844542708;10823094887;(0.0, 0.004)
239206;1847320514;825421877;(0.0, 0.0)
240220;1941200862;9054598108;(-1, -1)
57836;4374007247;4374007246;(-1, -1)
241834;1968681590;9989937128;(-1, -1)
241893;1968681811;1968681806;(0.25, 0.065)
243005;1978321915;1978321941;(-1, -1)
244671;2147047927;2147047928;(-1, -1)
244673;2147047928;2147047927;(-1, -1)
57841;4374007249;4374007246;(-1, -1)
58282;4374166727;4972318061;(0.0, 0.003)
245809;2381102734;8167173323;(-1, -1)
58917;4376589168;4376589163;(-1, -1)
246219;2469869235;2469869192;(0.6666666666666666, 0.063)
246657;2469870070;2469870145;(0.0, 0.0)
58920;4376589169;4376589167;(-1, -1)
60067;4447008071;4447008064;(0.016666666666666666, 0.002)
246805;2469870293;5115831903;(0.11666666666666667, 0.046)
247091;2469883078;2469883071;(0.05, 0.044)
247677;2534611420;1359115018;(0.0, 0.002)
60477;4621488690;4621488687;(-1, -1)
60988;4738274086;1745866566;(0.0, 0.002)
248651;2764574864;1345379674;(0.9, 0.196)
249550;2876484749;2876484757;(-1, -1)
249555;2876484757;2876484749;(-1, -1)
249707;2894595774;2894595770;(0.15, 0.069)
249780;2894596008;2894596013;(-1, -1)
61229;4738326399;4738326411;(-1, -1)
62263;4759070028;4759070032;(0.8333333333333334, 0.181)
63058;4767505417;4767507535;(0.08333333333333333, 0.025)
63602;4785198124;4785198122;(0.11666666666666667, 0.065)
65756;4972344499;4972344498;(0.23333333333333334, 0.164)
249933;2894596493;2894596495;(0.0, 0.002)
250250;2931986418;8899807983;(-1, -1)
250348;2978070749;2978070750;(-1, -1)
250549;2990330535;4331776150;(0.48333333333333334, 0.091)
67248;5016789065;5016789064;(0.016666666666666666, 0.008)
250692;3023386405;3023386408;(0.0, 0.001)
250837;3063479185;2887217911;(0.0, 0.002)
250948;3063530044;1755091084;(0.48333333333333334, 0.106)
251400;3107812003;5726413136;(0.03333333333333333, 0.026)
251861;3107812912;3107812861;(0.2, 0.139)
67772;5022517843;5022517847;(0.0, 0.0)
252067;3107813402;3107813386;(0.05, 0.035)
252417;3107814476;3107814393;(4.633333333333334, 1.402)
69080;5079535461;3738206211;(0.2, 0.14)
69474;5079899077;5079899081;(0.11666666666666667, 0.079)
69643;5079950539;3106070366;(0.18333333333333332, 0.048)
70546;5148607746;7878874611;(-1, -1)
252505;3107814628;1345485935;(0.016666666666666666, 0.006)
253173;3107975286;3107975294;(0.05, 0.042)
70548;5148607746;7878875767;(-1, -1)
253335;3122727887;3122727913;(0.15, 0.045)
253784;3150149332;3216485089;(0.0, 0.001)
254302;3216485102;3216485093;(-1, -1)
254329;3216764001;608414330;(0.16666666666666666, 0.089)
254822;3344717723;6315096833;(-1, -1)
254876;3371992202;3785564074;(0.16666666666666666, 0.105)
70549;5148607873;5148607917;(-1, -1)
70550;5148607873;7878874611;(-1, -1)
70551;5148607873;7878874568;(-1, -1)
255666;3626216648;3626216644;(0.18333333333333332, 0.048)
255693;3627437020;3627437019;(0.0, 0.003)
70553;5148607917;5148607873;(-1, -1)
70948;5400190647;3054476050;(0.0, 0.0)
70953;5400232921;9835000802;(0.0, 0.0)
71068;5401340826;1640192324;(0.55, 0.099)
71069;5401340834;1640192256;(0.0, 0.002)
71218;5449350988;11032018659;(-1, -1)
71219;5449350988;1273543497;(-1, -1)
255742;3628181742;9890972034;(0.06666666666666667, 0.023)
71220;5449350988;1572590718;(-1, -1)
71236;5449447926;1273749250;(0.0, 0.0)
71291;5449447988;1273899262;(0.21666666666666667, 0.153)
72396;5478495833;5478495707;(0.08333333333333333, 0.026)
256024;3700155808;3700155809;(3.8333333333333335, 1.352)
256670;3737948843;5120651197;(0.0, 0.0)
72521;5480653901;5480705681;(-1, -1)
72522;5480705681;5480653901;(-1, -1)
72789;5489655235;8157553013;(0.0, 0.001)
73006;5494583384;1273762724;(-1, -1)
73041;5494612959;1745661414;(-1, -1)
73043;5494612959;3016828189;(-1, -1)
73131;5494640047;3016828207;(-1, -1)
73132;5494640047;1745661383;(-1, -1)
257096;3743408022;1047207461;(-1, -1)
73133;5494640047;1273609565;(-1, -1)
73151;5494673201;1273855868;(0.26666666666666666, 0.07)
257853;3758368372;3758359499;(0.016666666666666666, 0.005)
257989;3759070880;1752938373;(0.08333333333333333, 0.007)
258662;3827053402;3827053394;(-1, -1)
73627;5494780181;5494780190;(0.13333333333333333, 0.099)
73769;5494780275;5494781046;(0.05, 0.038)
73802;5494780442;5494780161;(0.05, 0.041)
258810;3951170707;1755125506;(0.36666666666666664, 0.081)
258822;3952011594;5489500736;(-1, -1)
258944;3954507953;1840241656;(0.0, 0.003)
259840;4029705284;11050526727;(0.016666666666666666, 0.008)
73863;5494780607;5494780868;(-1, -1)
260071;4040712874;5720995841;(0.18333333333333332, 0.063)
73864;5494780799;5494780868;(-1, -1)
261087;4106720521;1273795733;(-1, -1)
261088;4106720521;1273719134;(-1, -1)
262398;4198115732;4198115734;(0.6333333333333333, 0.041)
262440;4198130287;4198130288;(0.0, 0.002)
73865;5494780868;5494780799;(-1, -1)
73866;5494780868;5494780607;(-1, -1)
73867;5494780868;5737963868;(-1, -1)
74021;5497065735;4497359452;(0.5166666666666667, 0.352)
74071;5497388757;5497388759;(0.06666666666666667, 0.047)
263311;4213310455;678989896;(-1, -1)
74671;5497465080;5497465088;(2.0833333333333335, 0.836)
74789;5497465176;5497465177;(0.0, 0.001)
74945;5497506086;1738466990;(0.0, 0.0)
74954;5497506254;1738467084;(0.2, 0.086)
263339;4220085294;4220087156;(-1, -1)
263344;4220087156;317337492;(-1, -1)
263345;4220087156;1175765727;(-1, -1)
263490;4226124407;4226124408;(-1, -1)
75106;5497549638;5497549622;(20.066666666666666, 8.908)
263492;4226124408;4226124407;(-1, -1)
263762;4240137782;306534041;(0.0, 0.0)
265699;4274513651;1412832056;(-1, -1)
75640;5543361465;1745661344;(-1, -1)
266080;4284914266;1273564336;(1.05, 0.194)
76045;5559416934;5559416902;(0.016666666666666666, 0.005)
76058;5559416950;5559416923;(0.16666666666666666, 0.054)
267046;4323522574;1746828487;(-1, -1)
267336;4331488776;1273929917;(-1, -1)
267339;4331488777;1273929917;(-1, -1)
76375;5718663884;1745790460;(0.0, 0.002)
76927;5734521471;5734521469;(0.31666666666666665, 0.038)
77082;5737963868;5494780868;(-1, -1)
77350;5926771771;5718485025;(0.26666666666666666, 0.142)
267675;4332871684;4332871683;(0.0, 0.001)
78393;6277850332;3301305062;(0.0, 0.0)
78695;6603633488;6603633487;(0.0, 0.004)
268394;4337488136;4337488133;(-1, -1)
269236;4347581495;1253502995;(0.0, 0.0)
269288;4347757183;10005037737;(0.0, 0.0)
270546;4356489088;1840241634;(0.7666666666666667, 0.393)
78972;6722394098;4972318046;(0.5333333333333333, 0.116)
79037;6722394138;6722394160;(0.0, 0.001)
270679;4356633423;1047200457;(0.0, 0.001)
270888;4357931411;4357931410;(0.0, 0.0)
79202;6829165680;10025783713;(0.3, 0.158)
271011;4361740878;1273457086;(1.2833333333333334, 0.191)
79461;6944085847;1570775137;(0.0, 0.0)
79882;7002594065;7002594067;(0.31666666666666665, 0.219)
271909;4367450358;1834251616;(0.06666666666666667, 0.026)
79945;7002751374;7002594077;(0.4166666666666667, 0.196)
80071;7007331583;7007331689;(-1, -1)
80073;7007331689;7007331583;(-1, -1)
272647;4394285591;1273807984;(0.0, 0.001)
80408;7058722175;5058602841;(0.4, 0.124)
80464;7058722415;7058722358;(1.0, 0.504)
81320;7878857261;7878857249;(-1, -1)
273013;4396814658;1753159085;(0.11666666666666667, 0.005)
81340;7878874453;7878875221;(-1, -1)
81341;7878874486;7878875266;(-1, -1)
81342;7878874497;7878875287;(-1, -1)
81343;7878874497;7878875287;(-1, -1)
273722;4439778396;5941662177;(-1, -1)
274118;4469440420;4469440427;(0.0, 0.002)
81344;7878874497;7878875488;(-1, -1)
274501;4547290048;4547290047;(0.0, 0.004)
81349;7878874508;7878874626;(-1, -1)
274567;4554541379;1305826409;(-1, -1)
274831;4638563547;4638563545;(-1, -1)
276716;5054593093;5120134829;(0.13333333333333333, 0.047)
280377;5122745708;5122745709;(0.1, 0.04)
280962;5302541432;1369042904;(-1, -1)
81350;7878874567;7878874568;(-1, -1)
281196;5322983142;3951924761;(0.0, 0.001)
81351;7878874568;7878874664;(-1, -1)
281559;5390568507;1273624818;(1.8666666666666667, 0.245)
81352;7878874568;7878874567;(-1, -1)
281624;5393125968;133955868;(0.0, 0.0)
81353;7878874568;5148607873;(-1, -1)
281905;5396196933;1273510524;(0.0, 0.002)
81354;7878874611;5148607873;(-1, -1)
81355;7878874611;5148607746;(-1, -1)
281969;5398651403;1273896350;(-1, -1)
282127;5417388733;412650023;(0.21666666666666667, 0.033)
282812;5434340189;1273874528;(0.65, 0.177)
81356;7878874611;7878874664;(-1, -1)
81357;7878874626;7878874508;(-1, -1)
283005;5436037233;1617196948;(0.15, 0.044)
283076;5436098887;10040362196;(0.03333333333333333, 0.034)
283356;5446237764;1727185749;(0.0, 0.002)
81358;7878874626;7878874664;(-1, -1)
81359;7878874626;7878874663;(-1, -1)
81360;7878874663;7878874626;(-1, -1)
283859;5462843266;5462843260;(-1, -1)
81361;7878874664;7878874568;(-1, -1)
81362;7878874664;7878874611;(-1, -1)
81363;7878874664;7878874626;(-1, -1)
81364;7878874664;7878874885;(-1, -1)
81365;7878874803;7878874828;(-1, -1)
81366;7878874804;7878874828;(-1, -1)
81368;7878874804;7878875266;(-1, -1)
81369;7878874828;7878874803;(-1, -1)
81370;7878874828;7878874804;(-1, -1)
284099;5463180050;11011620634;(-1, -1)
81371;7878874828;7878874885;(-1, -1)
81372;7878874885;7878874828;(-1, -1)
284223;5464686346;1487316160;(0.0, 0.001)
284450;5468038512;1783964609;(0.6, 0.151)
285351;5489263734;1273698238;(0.25, 0.052)
285659;5491555259;1369042988;(0.48333333333333334, 0.119)
288677;5718678382;422442252;(-1, -1)
289167;5723543112;5723551137;(0.18333333333333332, 0.129)
81373;7878874885;7878874664;(-1, -1)
81374;7878874885;7878875016;(-1, -1)
289362;5723670359;5723670340;(0.18333333333333332, 0.039)
289739;5723977776;5723977777;(-1, -1)
81376;7878875016;7878874885;(-1, -1)
81391;7878875221;7878874453;(-1, -1)
81394;7878875266;7878874486;(-1, -1)
289829;5724061275;5724061276;(4.066666666666666, 0.61)
290185;5726431352;1273844763;(0.05, 0.016)
81395;7878875266;7878874804;(-1, -1)
81396;7878875266;7878875287;(-1, -1)
291315;5775326312;8822071203;(0.0, 0.006)
291533;5809616054;4284961768;(0.36666666666666664, 0.056)
292038;5874072971;411941607;(-1, -1)
292876;6131103077;1063807415;(0.03333333333333333, 0.008)
293544;6294784437;844582430;(0.8166666666666667, 0.084)
293701;6300659627;10726381051;(0.05, 0.03)
293940;6315096830;6315096833;(-1, -1)
81397;7878875287;7878874497;(-1, -1)
81398;7878875287;7878874497;(-1, -1)
81399;7878875287;7878875266;(-1, -1)
81400;7878875488;7878874497;(-1, -1)
81401;7878875488;7878875767;(-1, -1)
293951;6315096839;6315096840;(-1, -1)
294124;6422302009;1258299445;(1.1, 0.264)
294176;6432939135;1273637967;(0.0, 0.0)
81402;7878875488;7878875515;(-1, -1)
294853;6975400694;9868906267;(-1, -1)
81403;7878875515;7878875488;(-1, -1)
295160;7085445108;7085445111;(0.15, 0.049)
81405;7878875553;7878875767;(-1, -1)
81436;7878875767;7878875488;(-1, -1)
295470;7264390989;7264388478;(0.08333333333333333, 0.061)
81437;7878875767;5148607746;(-1, -1)
295947;7557478025;7557478020;(0.4, 0.271)
81438;7878875767;7878875553;(-1, -1)
81553;7878876900;7878876901;(1.4666666666666666, 0.978)
81888;7898550340;7898550293;(0.6333333333333333, 0.073)
296223;7745308480;822494049;(0.1, 0.025)
296268;7766256223;3107812395;(0.3333333333333333, 0.203)
82413;8141901963;11056307891;(0.0, 0.001)
82927;8153869689;8153869699;(0.55, 0.055)
83193;8154193259;11027226751;(1.2333333333333334, 0.39)
296299;7779774764;7779774765;(-1, -1)
296435;7821316670;1359115155;(0.0, 0.001)
296690;8035952918;1273959562;(-1, -1)
297189;8111880066;8111880065;(0.26666666666666666, 0.054)
297301;8111977014;8111977015;(0.2, 0.14)
297502;8141183506;8141183503;(0.0, 0.0)
85817;8229495480;7878636890;(0.06666666666666667, 0.048)
86040;8231705069;8231705074;(0.18333333333333332, 0.126)
86563;8771123098;1745766041;(0.2, 0.069)
297623;8141306777;8141356296;(1.65, 0.441)
297911;8141660643;10994183747;(0.2, 0.059)
87103;9029242720;1745932115;(-1, -1)
298281;8142712087;8142712080;(0.05, 0.035)
87346;9143819508;3739296512;(1.4166666666666667, 0.211)
298789;8154133517;8154133527;(0.2, 0.067)
299095;8164234513;8164401817;(0.16666666666666666, 0.113)
87358;9143819514;10061401505;(0.6166666666666667, 0.123)
87410;9153630078;1745858793;(0.08333333333333333, 0.013)
87523;9217119961;9217119968;(0.0, 0.003)
87578;9225204401;4357885191;(-1, -1)
88109;9713044829;4286618787;(0.05, 0.004)
88165;9725791249;9725791241;(1.0166666666666666, 0.12)
299161;8164286886;8164286860;(0.06666666666666667, 0.053)
88351;9877508074;9877508072;(0.0, 0.007)
299465;8166918868;8166918872;(1.35, 0.384)
88368;9906352076;1745732715;(0.21666666666666667, 0.034)
299754;8178143371;8178143368;(-1, -1)
88518;9906928644;9906928645;(0.15, 0.138)
299810;8205636393;5610421499;(0.6333333333333333, 0.421)
299824;8206909142;8206909127;(1.45, 0.218)
299857;8208982542;2637027382;(0.08333333333333333, 0.058)
299920;8211348194;1366591950;(0.0, 0.002)
300129;8212677927;10059440579;(0.0, 0.002)
300237;8213826131;8213826174;(1.3, 0.654)
300457;8215027824;5120653058;(0.0, 0.0)
300615;8226828458;5560056845;(1.0166666666666666, 0.687)
300768;8226983306;8227004350;(1.55, 0.768)
300769;8226985662;8226980167;(1.7, 1.144)
88547;9906936516;9907009991;(0.21666666666666667, 0.183)
88842;10054500803;4391235391;(-1, -1)
300828;8227033698;5462843259;(-1, -1)
301054;8227685483;8112009446;(0.0, 0.0)
301165;8228564827;8228564834;(0.6833333333333333, 0.184)
301257;8229192101;8229192104;(2.65, 1.763)
301366;8229407797;11043313790;(5.783333333333333, 2.034)
89424;10307578261;10307578285;(-1, -1)
301896;8666888963;8666888964;(0.45, 0.12)
89890;10724945618;10724945621;(0.26666666666666666, 0.235)
302468;8899807983;8899807985;(-1, -1)
302469;8899807983;8899807984;(-1, -1)
302470;8899807983;2931986418;(-1, -1)
302471;8899807984;8899807983;(-1, -1)
90019;10733220290;10733220295;(0.48333333333333334, 0.163)
302472;8899807985;8899807983;(-1, -1)
90238;10744635281;4759085666;(0.38333333333333336, 0.241)
90265;10744666842;10744666838;(0.0, 0.006)
90286;10748533839;10749674372;(1.2333333333333334, 0.642)
90635;10880556170;5880280245;(0.6, 0.407)
91082;10916941999;10916942002;(-1, -1)
303108;9130904915;9130904916;(-1, -1)
303339;9136890093;9136890097;(-1, -1)
303340;9136890097;9136890093;(-1, -1)
303373;9143905762;9314047621;(-1, -1)
303374;9143905762;9313439559;(-1, -1)
303454;9159606203;4286318212;(1.7833333333333334, 0.088)
303806;9222887924;9222887925;(-1, -1)
303808;9222887925;9222887924;(-1, -1)
91083;10916942002;10916941999;(-1, -1)
91090;10916942004;10916991606;(-1, -1)
91091;10916991606;10916942004;(-1, -1)
91348;10958660239;4374908350;(4.583333333333333, 0.842)
304040;9313439559;9143905762;(-1, -1)
305063;9995616440;9995616439;(3.3333333333333335, 0.652)
305190;9998879531;8164460050;(0.0, 0.0)
305525;10025856028;1815623546;(-1, -1)
305668;10030209390;5567703668;(0.03333333333333333, 0.003)
306244;10056818940;10056818950;(0.6, 0.152)
306863;10061660587;10061660582;(0.0, 0.0)
91490;10959118980;10959118986;(0.08333333333333333, 0.057)
91946;11028923833;8205735572;(0.5666666666666667, 0.038)
92052;11029031246;1746750763;(0.11666666666666667, 0.018)
92223;11032018659;11032018660;(-1, -1)
92227;11032018660;11032018659;(-1, -1)
92543;11043332891;11043396712;(-1, -1)
307834;10689487471;4387399357;(0.0, 0.002)
93154;11052239406;6603405517;(0.1, 0.077)
93211;11052509995;5082938744;(0.65, 0.176)
93810;11058067027;8141901961;(0.2833333333333333, 0.192)
94016;11066286934;11066286935;(0.13333333333333333, 0.116)
94025;11067979486;8220931761;(0.0, 0.01)
94282;4775525334;4775525334;(-1, -1)
308278;10707523447;263387426;(0.18333333333333332, 0.098)
94283;4775525334;4775525334;(-1, -1)
308452;10722544722;3023386402;(0.0, 0.003)
308560;10733055549;1342139037;(1.8333333333333333, 0.122)
309048;10751412950;827108786;(1.6166666666666667, 0.188)
94284;4775525334;4775525399;(-1, -1)
94285;4775525399;4775525334;(-1, -1)
94286;4775525399;4775525400;(-1, -1)
309069;10751459065;838231930;(0.016666666666666666, 0.011)
94287;4775525399;4775525540;(-1, -1)
309359;10756760787;769223701;(0.016666666666666666, 0.006)
309644;10824451671;1752672038;(0.06666666666666667, 0.021)
94288;4775525400;4775525399;(-1, -1)
310069;10864171013;6292290149;(-1, -1)
94289;4775525400;4775525541;(-1, -1)
311048;10931062803;10931062804;(-1, -1)
94290;4775525400;4775525540;(-1, -1)
94291;4775525540;4775525399;(-1, -1)
94292;4775525540;4775525400;(-1, -1)
94293;4775525540;4775526180;(-1, -1)
94294;4775525541;4775525400;(-1, -1)
94298;4775526135;4775526170;(-1, -1)
311054;10931103205;10931103206;(-1, -1)
94299;4775526135;4775526170;(-1, -1)
94300;4775526135;9244037860;(-1, -1)
94301;4775526170;4775526135;(-1, -1)
94302;4775526170;4775526135;(-1, -1)
94303;4775526170;4775526180;(-1, -1)
94304;4775526180;4775525540;(-1, -1)
311063;10931103208;10931103207;(-1, -1)
94305;4775526180;4775527912;(-1, -1)
311244;10939024031;1743677849;(0.0, 0.0)
94306;4775526180;4775526170;(-1, -1)
94307;4775527912;5027455369;(-1, -1)
94308;4775527912;4775526180;(-1, -1)
94309;4775527912;8126915964;(-1, -1)
311685;10975923420;10975923419;(-1, -1)
312806;11021304327;11021304328;(0.0, 0.003)
94335;5027454855;7103808438;(-1, -1)
313048;11031874397;11031874398;(0.016666666666666666, 0.015)
313050;11031874397;3129754870;(-1, -1)
94336;5027454884;7103808438;(-1, -1)
94337;5027454884;5027455369;(-1, -1)
94338;5027454884;7103808392;(-1, -1)
313167;11032034888;2913459198;(0.0, 0.005)
94339;5027455369;4775527912;(-1, -1)
313484;11043311739;11043311743;(0.5333333333333333, 0.243)
94340;5027455369;5027454884;(-1, -1)
314165;11054014165;11054014178;(0.23333333333333334, 0.149)
94347;7103808392;5027454884;(-1, -1)
316175;1273572997;1273960647;(-1, -1)
316176;1273572997;1273840556;(-1, -1)
316893;1273806520;2946670728;(-1, -1)
94348;7103808429;7103808438;(-1, -1)
94349;7103808438;5027454884;(-1, -1)
94350;7103808438;5027454855;(-1, -1)
94351;7103808438;7103808429;(-1, -1)
94352;8126912482;8126915964;(-1, -1)
94353;8126915964;8126912482;(-1, -1)
94354;8126915964;4775527912;(-1, -1)
94355;8126915964;8126919183;(-1, -1)
94356;8126919183;8126915964;(-1, -1)
94364;8230380112;8230380111;(0.13333333333333333, 0.104)
94387;9244037860;4775526135;(-1, -1)
94437;383788338;4060446295;(0.0, 0.0)
316894;1273806520;1273572997;(-1, -1)
316994;1273840556;1273572997;(-1, -1)
317290;1273960647;1273572997;(-1, -1)
317420;1273987636;2898297206;(0.0, 0.002)
94882;1273723991;1273893935;(0.016666666666666666, 0.002)
317625;1557221818;4373130130;(0.0, 0.001)
95038;1273813995;10038183928;(0.0, 0.0)
317745;1617053841;1757279001;(0.21666666666666667, 0.063)
95108;1273840551;5432485979;(0.65, 0.098)
95162;1273860907;8438665846;(-1, -1)
317808;1617053927;5483575322;(0.31666666666666665, 0.103)
318850;1755155601;1755155602;(0.38333333333333336, 0.025)
319486;1755263483;1755263491;(0.16666666666666666, 0.047)
95500;1287275083;1287274965;(0.0, 0.0)
319551;1755263529;6023540374;(0.016666666666666666, 0.007)
95794;1408095382;1408095005;(0.03333333333333333, 0.008)
319876;1756160696;2956641206;(0.0, 0.0)
96342;1663829964;1273776178;(0.0, 0.004)
97055;1675067519;1674283850;(0.0, 0.0)
97244;1675341827;1675047119;(0.0, 0.001)
97521;1701819759;1701819760;(-1, -1)
320205;1756211624;1756211620;(0.08333333333333333, 0.058)
320751;1756212004;8830535355;(0.18333333333333332, 0.131)
97689;1701823673;1701823663;(0.7, 0.046)
320759;1756212007;1756212002;(0.0, 0.001)
99832;4152129018;5432479566;(0.0, 0.0)
320807;1756212039;1756212042;(0.11666666666666667, 0.028)
100447;4370504422;1666682873;(0.08333333333333333, 0.045)
100518;4375920183;1273933767;(-1, -1)
100614;4548634938;4548634943;(2.716666666666667, 0.497)
101154;5432485978;5432485977;(0.0, 0.002)
101232;5433743806;5433743807;(0.8166666666666667, 0.095)
101495;5559392604;4241640008;(0.18333333333333332, 0.054)
101601;6473452110;4711675544;(1.15, 0.232)
101781;9223403427;1572825713;(0.3333333333333333, 0.038)
320829;1756212052;1756212060;(0.0, 0.0)
102295;31035249;2397317881;(0.06666666666666667, 0.045)
321038;1756231174;5042009314;(0.23333333333333334, 0.042)
102824;108064561;108064562;(0.16666666666666666, 0.088)
322941;1756285137;1756285163;(0.5333333333333333, 0.153)
323065;1756285275;1756285259;(0.4166666666666667, 0.113)
103719;138802889;885687036;(0.2833333333333333, 0.151)
323476;1756308398;5041366531;(0.16666666666666666, 0.067)
323701;1756313838;1756313834;(0.0, 0.0)
324021;1756324453;1756324444;(0.2833333333333333, 0.109)
104834;262577184;262577230;(-1, -1)
324473;1756939269;4389368004;(0.0, 0.002)
325380;1756939690;1756939570;(0.016666666666666666, 0.003)
326128;1756940029;1756939901;(0.0, 0.002)
326423;1756940145;1756940149;(0.1, 0.037)
105138;262725483;262724725;(0.0, 0.001)
326455;1756940156;1756940149;(0.0, 0.003)
106832;263373542;262727869;(-1, -1)
106935;263379417;263379418;(0.0, 0.0)
327909;1757094914;10612940737;(0.05, 0.013)
107284;263387858;263388003;(0.13333333333333333, 0.042)
108408;263923721;263923725;(0.0, 0.002)
110298;306533955;3962362761;(0.0, 0.0)
110650;309583429;4941407719;(0.08333333333333333, 0.029)
111033;316626840;5734541275;(0.016666666666666666, 0.016)
327913;1757094915;1757094950;(0.016666666666666666, 0.006)
328569;1757278740;1757278770;(0.0, 0.001)
111160;316632201;315564989;(-1, -1)
328781;1757278933;1757278961;(0.08333333333333333, 0.052)
330123;1757279921;1757279908;(0.06666666666666667, 0.02)
330581;1758292925;1758292931;(0.36666666666666664, 0.07)
330675;1758292984;1758292980;(0.016666666666666666, 0.003)
111485;317337492;4220087156;(-1, -1)
111578;317337967;494493621;(0.21666666666666667, 0.074)
330743;1758293026;4343723315;(0.36666666666666664, 0.181)
111685;317339210;6086163064;(0.2833333333333333, 0.151)
330920;1758293160;1758293174;(0.016666666666666666, 0.005)
112701;386855618;386854216;(0.0, 0.0)
331096;1758293324;1758293331;(-1, -1)
113044;391007680;391018362;(0.23333333333333334, 0.081)
113434;391038754;1623162607;(0.0, 0.006)
113979;393864237;393864239;(0.16666666666666666, 0.092)
114232;395037345;408670134;(-1, -1)
114453;408630433;1658531441;(0.9166666666666666, 0.063)
114505;408670134;395037345;(-1, -1)
332458;1759542574;1759542600;(0.08333333333333333, 0.038)
332765;1759542794;1759542802;(0.0, 0.006)
116142;414231294;414231283;(0.0, 0.0)
116223;415834354;415834353;(0.6666666666666666, 0.134)
116672;416151097;528529073;(-1, -1)
117475;416951540;416660447;(0.0, 0.001)
117501;416952159;416660466;(0.0, 0.001)
117951;417251145;417251120;(0.016666666666666666, 0.003)
118494;419482970;263933849;(0.0, 0.0)
333761;1759730774;863427915;(0.75, 0.251)
334702;1760797282;1760797374;(0.6, 0.049)
118598;419484642;419484646;(0.4666666666666667, 0.133)
120548;430543717;430543715;(0.26666666666666666, 0.088)
120567;430543801;1670057546;(0.016666666666666666, 0.001)
121236;437623397;133955878;(-1, -1)
335244;1760798681;1760798394;(0.3333333333333333, 0.18)
335633;1760799177;1760799181;(-1, -1)
335639;1760799181;1760799177;(-1, -1)
335668;1760799202;1760799174;(0.0, 0.0)
123542;472559215;4134658361;(0.016666666666666666, 0.015)
335801;1760799284;1760799292;(0.016666666666666666, 0.002)
123837;473949675;473958650;(0.16666666666666666, 0.05)
335943;1760799460;4334076872;(0.16666666666666666, 0.114)
125037;494493571;651816978;(-1, -1)
336006;1760799572;1760799532;(0.13333333333333333, 0.03)
125462;528529073;416151097;(-1, -1)
336416;1761762893;1761762897;(-1, -1)
125464;528529082;528529073;(-1, -1)
125897;589642569;589642572;(-1, -1)
336417;1761762893;11006398113;(-1, -1)
336429;1761762916;1761762915;(-1, -1)
125898;589642569;2722622167;(-1, -1)
336430;1761762916;1761762981;(-1, -1)
125902;589642608;589642569;(-1, -1)
336431;1761762916;1761762954;(-1, -1)
336454;1761762938;1761762966;(-1, -1)
336457;1761762954;1761762916;(-1, -1)
126034;593974684;593974683;(-1, -1)
126346;605673355;606937333;(0.0, 0.005)
126868;606937343;606937345;(0.9333333333333333, 0.151)
126880;606937347;606937335;(0.0, 0.003)
337141;1767549518;1767549497;(0.0, 0.003)
337376;1767549878;1767549762;(-1, -1)
126918;607232993;607232989;(0.0, 0.002)
337554;1767550280;1767550357;(0.23333333333333334, 0.081)
128614;629029746;629028229;(0.0, 0.001)
337584;1767550353;9192539255;(0.16666666666666666, 0.033)
338039;1767758193;1767758192;(0.23333333333333334, 0.037)
338268;1767758378;1767758346;(0.0, 0.001)
338300;1767758399;1767758400;(0.25, 0.039)
128874;631716379;631716375;(0.1, 0.057)
129782;651816288;651816978;(-1, -1)
339773;1768569774;1768569830;(0.0, 0.0)
340182;1768569986;1768569985;(0.65, 0.214)
340434;1768570123;1768570124;(0.0, 0.0)
341137;1768675917;6354861537;(-1, -1)
129785;651816978;651816288;(-1, -1)
129786;651816978;494493571;(-1, -1)
341219;1768676040;1768676079;(0.0, 0.001)
130312;674941948;1273786286;(-1, -1)
341783;1814004011;1814004032;(0.18333333333333332, 0.053)
130476;675127337;675127316;(0.0, 0.001)
130781;675163760;675163714;(0.5, 0.075)
132588;791160227;412554191;(0.13333333333333333, 0.06)
133880;821379495;821379496;(-1, -1)
342118;1814004403;5794680516;(0.03333333333333333, 0.031)
134202;821411475;821411476;(0.0, 0.003)
342160;1814004435;1814004427;(0.0, 0.0)
135154;821789711;9143905762;(-1, -1)
342940;1814196185;1814196169;(0.3333333333333333, 0.17)
136679;824065413;824065441;(0.0, 0.0)
342984;1814196264;1814196306;(0.18333333333333332, 0.028)
137353;824153461;824203943;(0.15, 0.051)
343058;1814196376;1814820417;(0.25, 0.068)
138810;827015987;827010628;(0.0, 0.0)
343535;1814819760;1814819847;(0.03333333333333333, 0.036)
140073;838231841;838231845;(0.2, 0.042)
343545;1814819764;1814819618;(0.0, 0.004)
140284;842548372;842548381;(0.0, 0.0)
343830;1814820026;1814819961;(0.016666666666666666, 0.004)
140476;842607540;842607433;(0.13333333333333333, 0.073)
343891;1814820063;1814820090;(0.8833333333333333, 0.175)
344041;1814820334;1814820524;(0.21666666666666667, 0.098)
344237;1814820546;1814820655;(0.23333333333333334, 0.06)
344621;1814821123;8984763226;(0.0, 0.007)
345379;1814940021;599286838;(0.05, 0.066)
140668;842721309;1740874423;(1.1833333333333333, 0.097)
141101;842870187;842870185;(0.0, 0.0)
141441;842950253;843006009;(0.8666666666666667, 0.055)
345493;1814940095;1814940118;(0.0, 0.0)
141986;843103640;843103617;(0.3333333333333333, 0.117)
345630;1817561936;1817561995;(0.23333333333333334, 0.042)
346069;1817605591;1817605567;(0.05, 0.013)
142021;844353680;5697786883;(0.16666666666666666, 0.059)
346144;1831118096;2469924342;(0.0, 0.001)
142217;844448300;4357955938;(0.23333333333333334, 0.054)
346342;2187589754;2866680476;(0.0, 0.0)
142606;844536125;844536211;(0.0, 0.0)
142672;844536356;3673106266;(0.48333333333333334, 0.138)
142673;844536356;844536354;(-1, -1)
346373;2342825854;2342825842;(0.0, 0.0)
143626;846508115;3407259444;(0.2833333333333333, 0.12)
143926;846535402;846535407;(1.5833333333333333, 0.131)
144115;846540169;846540170;(-1, -1)
145118;846736986;846736987;(0.11666666666666667, 0.061)
145615;847511618;847511634;(0.16666666666666666, 0.062)
346450;2352414947;1759730666;(1.4333333333333333, 0.575)
346957;2460656222;2464752210;(0.0, 0.002)
346993;2460656278;5735323725;(-1, -1)
347331;2469924366;2469924375;(0.1, 0.051)
145761;847513867;847513868;(0.016666666666666666, 0.003)
347494;2469924510;5120653783;(0.15, 0.058)
347637;2476684152;5724622042;(-1, -1)
347643;2476684163;5724622042;(-1, -1)
347898;2483173393;1756160692;(2.4166666666666665, 0.12)
348023;2487166555;2487166437;(-1, -1)
348267;2489958460;2489958400;(0.0, 0.0)
348434;2489958620;10164786779;(0.0, 0.002)
146659;847686750;4261132476;(-1, -1)
147392;847758113;847758153;(-1, -1)
147413;847758153;847758113;(-1, -1)
147694;848387254;848387253;(0.016666666666666666, 0.002)
348555;2501809518;3145754992;(0.31666666666666665, 0.105)
348846;2687226503;2687226396;(0.21666666666666667, 0.081)
349139;2866864433;2866864434;(-1, -1)
349145;2866864435;9028418981;(0.0, 0.0)
349261;2899984615;5041990953;(0.38333333333333336, 0.117)
349301;2903433213;6611076470;(-1, -1)
149052;860682531;860682578;(0.3333333333333333, 0.112)
349730;3107393969;3107393957;(0.06666666666666667, 0.047)
150264;885797660;885797690;(-1, -1)
350014;3107394624;3107394676;(0.5333333333333333, 0.1)
150281;885797682;885797660;(-1, -1)
150282;885797682;885797692;(-1, -1)
150287;885797690;885797790;(-1, -1)
351283;3272085692;3272085930;(0.21666666666666667, 0.089)
150288;885797690;885797804;(-1, -1)
351478;3272085940;3272085932;(0.0, 0.0)
351635;3272086132;3272086258;(-1, -1)
150289;885797690;885797660;(-1, -1)
150349;885797762;885797790;(-1, -1)
351640;3272086134;3272086216;(0.4166666666666667, 0.084)
150378;885797804;885797762;(-1, -1)
351691;3272086160;3272086218;(0.0, 0.0)
351966;3272086452;3272086454;(0.0, 0.001)
151376;902279647;1063807469;(0.0, 0.0)
352358;3272260466;3272260465;(0.016666666666666666, 0.002)
151468;912508025;2053915180;(0.0, 0.001)
353144;3344678256;3344665628;(0.13333333333333333, 0.051)
353182;3344690287;3344690429;(-1, -1)
353299;3344696196;3344665662;(0.0, 0.003)
151506;912508069;915282634;(0.2, 0.115)
151794;915282362;915282122;(0.38333333333333336, 0.173)
353348;3344696224;3344665620;(0.1, 0.041)
151906;915282536;915282213;(0.4666666666666667, 0.055)
353598;3344748198;3344731122;(0.0, 0.0)
353769;3345047056;3345047119;(-1, -1)
152099;938877077;883962492;(0.0, 0.0)
152243;941476169;1356418970;(0.36666666666666664, 0.098)
152636;1038172918;1038173042;(-1, -1)
353775;3345047060;3345046390;(2.316666666666667, 0.163)
152665;1038172952;1038173028;(0.016666666666666666, 0.002)
152794;1038173042;1038172918;(-1, -1)
153108;1042073880;1042073889;(0.0, 0.001)
153116;1042073888;1042073780;(0.0, 0.001)
153124;1042073892;1042073860;(0.0, 0.002)
353862;3345047140;3345047017;(0.016666666666666666, 0.02)
153286;1047199003;4356633401;(0.13333333333333333, 0.075)
153429;1047204906;1047203571;(-1, -1)
153668;1063807418;1063807366;(0.15, 0.033)
153719;1063807469;902279647;(0.4666666666666667, 0.254)
353915;3345047193;3345047166;(0.0, 0.0)
153754;1139568527;860682731;(0.11666666666666667, 0.082)
354211;3345062364;3345062339;(0.0, 0.003)
354655;3346501147;3346501158;(0.13333333333333333, 0.099)
355981;4284961705;6191378940;(0.0, 0.0)
356282;4288690200;4288690199;(0.03333333333333333, 0.009)
356523;4333049780;4333063145;(0.0, 0.0)
153755;1139568527;860682730;(0.0, 0.001)
357132;4346780687;1273536552;(0.0, 0.0)
357482;4373115735;1831118240;(0.6833333333333333, 0.149)
153971;1175765727;4220087156;(-1, -1)
357493;4373115740;4373105054;(-1, -1)
357809;4373138414;10907618741;(0.03333333333333333, 0.029)
358078;4374210240;4374210238;(0.1, 0.032)
153997;1175765831;627835043;(0.0, 0.0)
154139;1219892353;317337379;(0.15, 0.049)
358151;4374210271;4374210325;(0.016666666666666666, 0.007)
154870;1241378496;1241378405;(0.15, 0.051)
358306;4374210349;4374210350;(0.0, 0.003)
154922;1241378538;1241378580;(-1, -1)
154995;1241378583;5762815534;(-1, -1)
155640;1256325934;1256325745;(0.0, 0.0)
358382;4374210407;4386157727;(0.06666666666666667, 0.047)
155709;1256325982;1256325921;(0.0, 0.0)
358851;4484606626;5982305375;(0.0, 0.001)
155758;1258298594;1273735851;(0.5166666666666667, 0.137)
358864;4484606633;3345062299;(-1, -1)
155797;1258298636;1258299168;(0.6, 0.09)
156002;1258298880;1258298742;(0.016666666666666666, 0.003)
156026;1258298913;1256325718;(0.0, 0.003)
359841;5027428047;8142651676;(-1, -1)
156059;1258298952;1258298813;(0.0, 0.0)
359843;5027428047;5027428049;(-1, -1)
360201;5027448493;5027448734;(0.0, 0.004)
361317;5041779811;5030877300;(0.55, 0.16)
362427;5044953440;5044953443;(0.75, 0.308)
156280;1258299204;1258299381;(0.0, 0.001)
156323;1258299273;1258299351;(0.21666666666666667, 0.049)
156408;1258299387;1258298574;(-1, -1)
156501;1258299509;1258299074;(0.65, 0.053)
363127;5045018822;5045018821;(0.23333333333333334, 0.161)
364618;5082785823;5082785821;(0.4666666666666667, 0.134)
156957;1271066534;1271067052;(0.35, 0.053)
157895;1271067431;1271066237;(0.0, 0.0)
365787;5122745676;5122745666;(0.11666666666666667, 0.059)
365887;5122746115;5122746114;(1.5333333333333334, 0.211)
159069;1272936005;10245711589;(0.1, 0.052)
159278;1272936215;1272936684;(0.0, 0.001)
159323;1272936258;1272936569;(0.85, 0.091)
159501;1272936406;1272936918;(-1, -1)
159690;1272936603;1296960986;(0.16666666666666666, 0.034)
159789;1272936684;1272935397;(0.43333333333333335, 0.111)
366026;5122746190;6191378896;(0.0, 0.0)
159818;1272936711;1272935308;(0.0, 0.0)
159923;1272936813;1272936820;(1.35, 0.175)
159930;1272936817;1272936345;(-1, -1)
159965;1272936845;1272936241;(1.2, 0.179)
160197;1273121412;1273122160;(0.5666666666666667, 0.085)
367294;5194989623;1755339483;(0.0, 0.001)
161283;1273457275;1273855817;(0.016666666666666666, 0.002)
161513;1273465882;1573127153;(0.0, 0.0)
367597;5194999414;5194999413;(0.55, 0.084)
367798;5202556196;5202556199;(0.0, 0.0)
161789;1273474520;1273982248;(-1, -1)
163337;1273543034;4469198956;(0.7166666666666667, 0.071)
163963;1273584090;1273967379;(0.21666666666666667, 0.128)
368786;5208781755;5208781743;(0.0, 0.0)
164197;1273591701;1752729179;(0.4, 0.046)
164751;1273609837;1842509440;(0.016666666666666666, 0.001)
369048;5208781994;5208781996;(0.11666666666666667, 0.036)
369107;5209333047;5209333051;(1.0666666666666667, 0.144)
369154;5209333070;5209333069;(0.3333333333333333, 0.228)
369247;5209333115;5120654381;(0.0, 0.0)
369799;5243263862;9555524178;(0.55, 0.19)
369807;5243263864;5243263866;(0.5333333333333333, 0.061)
165109;1273623506;5372865795;(0.0, 0.0)
165185;1273625800;1672764194;(0.35, 0.071)
165301;1273632092;1757653597;(0.0, 0.0)
165656;1273643622;2799339632;(0.11666666666666667, 0.045)
167075;1273690790;1305070524;(0.2, 0.045)
369911;5243263909;5243263906;(0.5, 0.237)
167406;1273699115;1273752824;(0.0, 0.003)
370409;5243369394;5243369395;(0.7166666666666667, 0.215)
370418;5243369397;5243369396;(0.8833333333333333, 0.132)
371139;5483409447;5483409445;(0.0, 0.0)
371302;5483426545;5483426544;(0.0, 0.002)
372124;5483574920;5483574921;(-1, -1)
167574;1273704423;1754944977;(-1, -1)
373193;5497616962;5497616963;(0.05, 0.028)
167639;1273705509;1727287662;(0.0, 0.0)
373563;5497647610;5497647612;(0.0, 0.0)
167745;1273708575;1305880578;(-1, -1)
374331;5589381660;5589381657;(0.05, 0.055)
375494;5724622042;7403370292;(-1, -1)
168144;1273717474;1331961989;(0.06666666666666667, 0.052)
375495;5724622042;2476684163;(-1, -1)
375496;5724622042;2476684152;(-1, -1)
375796;5727255100;5727255091;(0.1, 0.035)
168152;1273717583;1752784626;(0.0, 0.0)
168181;1273719134;4106720521;(-1, -1)
168591;1273733194;408670247;(0.25, 0.056)
168725;1273737491;422442252;(-1, -1)
376116;5735039725;5735039726;(0.03333333333333333, 0.022)
168871;1273741034;1727185800;(0.016666666666666666, 0.008)
377648;6496695446;1756939635;(0.21666666666666667, 0.108)
169185;1273748076;1273892986;(0.0, 0.003)
169620;1273767390;5468183271;(-1, -1)
377871;6562094934;8128914666;(3.0833333333333335, 0.934)
169663;1273768275;1576883169;(0.21666666666666667, 0.05)
377920;6562095026;8128504058;(0.03333333333333333, 0.03)
170386;1273795733;4106720521;(-1, -1)
170574;1273802097;4398025448;(0.75, 0.095)
170759;1273806965;1716250361;(0.35, 0.052)
170795;1273809031;4395575773;(0.0, 0.0)
171387;1273827775;1757193755;(1.8333333333333333, 0.39)
378015;6611076470;2903433213;(-1, -1)
378622;7403370292;5724622042;(-1, -1)
378964;7918557727;10312291004;(0.43333333333333335, 0.208)
379704;8126706234;8126706238;(0.5166666666666667, 0.17)
381159;8128914666;6562094977;(0.03333333333333333, 0.023)
381550;8129275902;8129275897;(0.23333333333333334, 0.105)
381893;8142015561;8142015565;(0.03333333333333333, 0.026)
381983;8142110365;5027428155;(1.85, 1.232)
383075;8153889283;8153889282;(0.03333333333333333, 0.023)
383638;8211720642;8142079133;(0.9166666666666666, 0.497)
384743;8878535752;8878535750;(0.0, 0.005)
384886;8923607539;1756212128;(0.4, 0.199)
386413;9258359015;9258359014;(0.06666666666666667, 0.046)
