26334;10817214196;10817214193;(0.1, 0.069)
8765;3269201793;3269201795;(0.08333333333333333, 0.032)
19527;5755115838;6247334584;(-1, -1)
2;30962247;3707288540;(0.0, 0.001)
26363;10817225810;10817225809;(-1, -1)
8811;3269201825;4017869132;(-1, -1)
10;30962250;1428107854;(-1, -1)
19528;5755115838;6247335397;(-1, -1)
26413;10817727074;4427044503;(0.0, 0.007)
8813;3269201828;3269201825;(0.05, 0.037)
19529;5755115838;4435313387;(-1, -1)
43;30962454;7411816216;(0.08333333333333333, 0.039)
61;30962463;1428480825;(-1, -1)
8819;3269201830;3269201824;(0.13333333333333333, 0.098)
19531;5755115861;5755115876;(9.733333333333333, 9.087)
26420;10817727075;10817727076;(0.11666666666666667, 0.084)
26485;10818840213;6223484239;(-1, -1)
8834;3269201848;3269202063;(0.03333333333333333, 0.021)
26584;10819165592;3269164740;(0.016666666666666666, 0.019)
26690;10820700147;10820700146;(0.25, 0.107)
26741;10821035403;10818716015;(0.05, 0.047)
8848;3269201856;3269201854;(0.08333333333333333, 0.033)
101;30962866;3255947729;(0.13333333333333333, 0.035)
19593;5877119519;10809699509;(-1, -1)
8907;3269202090;4431882669;(0.0, 0.006)
8909;3269202090;10806756513;(-1, -1)
8912;3269202092;4017869136;(0.21666666666666667, 0.138)
8928;3269202099;3269202093;(0.05, 0.043)
8935;3269238678;10819165593;(0.6166666666666667, 0.272)
9008;3269238733;3269238734;(0.06666666666666667, 0.056)
9084;3269253662;1010601965;(0.16666666666666666, 0.058)
26831;10836313157;10809754805;(1.2166666666666666, 0.411)
26875;10838702841;10563805457;(0.18333333333333332, 0.126)
19670;6189180025;6189180023;(0.05, 0.043)
26919;10839031228;6223463373;(0.0, 0.009)
19704;6189197882;10810797023;(0.0, 0.0)
19739;6190906066;6190906075;(0.05, 0.035)
19769;6191067490;6191067504;(25.933333333333334, 15.629)
9113;3269253710;5599365412;(0.1, 0.07)
115;30963206;5319363063;(0.0, 0.007)
26967;10839123385;5600924460;(0.0, 0.0)
116;30963206;30964831;(0.3, 0.207)
26969;10839152761;633941136;(-1, -1)
9181;3279447993;5599365351;(0.0, 0.005)
26970;10839152761;633941149;(-1, -1)
123;30963247;2641781926;(0.6333333333333333, 0.213)
9192;3279451397;3279451399;(0.0, 0.007)
171;30963667;5600851104;(0.16666666666666666, 0.054)
9205;3279451405;3279451407;(-1, -1)
236;30964176;30964192;(0.65, 0.13)
26971;10839152761;4454285860;(-1, -1)
9272;3380584084;4048913078;(0.016666666666666666, 0.003)
9345;3400714919;4477353988;(0.4666666666666667, 0.197)
9349;3400714932;3400714930;(0.0, 0.003)
9356;3400714967;3400714968;(0.016666666666666666, 0.011)
19771;6191067493;9412925956;(0.8333333333333334, 0.264)
19777;6191067512;6562033628;(26.05, 15.652)
9366;3400735510;10568368249;(0.23333333333333334, 0.119)
27063;10972320388;2167619321;(0.16666666666666666, 0.188)
19844;6193842618;6206852095;(-1, -1)
27079;11047357300;3248632943;(-1, -1)
19845;6193842618;10789356470;(-1, -1)
19846;6193842618;6206850271;(-1, -1)
248;30964284;3739414122;(0.0, 0.001)
9370;3416646539;3309947546;(0.18333333333333332, 0.062)
257;30964337;4112883324;(0.016666666666666666, 0.003)
9487;3696204022;3696202219;(0.18333333333333332, 0.136)
9570;3705950127;10839031246;(0.21666666666666667, 0.136)
27080;11047357300;6199445439;(-1, -1)
19848;6193842681;10789356470;(-1, -1)
19861;6193842950;6206850271;(-1, -1)
27081;11047357300;10783567128;(-1, -1)
9572;3705950128;5600850411;(0.35, 0.24)
9594;3705950136;3705950137;(0.11666666666666667, 0.085)
9716;3707241590;4955854631;(0.0, 0.001)
9729;3707242426;3707242425;(-1, -1)
9736;3707242432;3707242434;(0.03333333333333333, 0.033)
9770;3707242459;6896574866;(0.06666666666666667, 0.047)
9857;3707247098;10836656702;(0.06666666666666667, 0.05)
264;30964346;30964005;(0.016666666666666666, 0.008)
281;30964495;588513947;(0.0, 0.002)
319;30964727;30963247;(0.6666666666666666, 0.181)
347;30964766;4477356869;(0.016666666666666666, 0.006)
9877;3707248164;3707248159;(0.05, 0.028)
19897;6199445439;11047357300;(-1, -1)
394;30964826;30964827;(0.85, 0.092)
19899;6202069639;6238084280;(-1, -1)
19940;6202437757;3737958791;(0.08333333333333333, 0.066)
19950;6202445144;5390366328;(0.05, 0.033)
405;30964832;30964859;(0.0, 0.0)
19966;6202526671;5721085841;(0.25, 0.123)
10103;3707261806;5601275787;(0.08333333333333333, 0.052)
20015;6206850271;6206851803;(-1, -1)
20016;6206850271;6193842618;(-1, -1)
527;30965572;10774711116;(0.0, 0.0)
20017;6206850271;6193842950;(-1, -1)
540;30965625;3707273026;(0.0, 0.002)
20018;6206851803;6206850271;(-1, -1)
551;30965641;30965363;(0.0, 0.011)
610;30965828;5628741799;(0.0, 0.0)
701;30966043;1428107948;(-1, -1)
720;30966150;633941136;(-1, -1)
768;30970422;4580464647;(0.03333333333333333, 0.017)
10116;3707261816;30965628;(0.1, 0.032)
10143;3707262657;3707262654;(0.03333333333333333, 0.033)
10150;3707262665;3707262662;(0.03333333333333333, 0.036)
20019;6206852095;6193842618;(-1, -1)
814;30970714;30970704;(0.0, 0.001)
847;30970736;30970731;(0.08333333333333333, 0.046)
10206;3707266833;3707266843;(0.11666666666666667, 0.076)
20033;6208222500;6208220443;(0.25, 0.252)
10235;3707266879;6208655188;(0.016666666666666666, 0.021)
20064;6209013616;6209013611;(7.483333333333333, 3.769)
10257;3707267853;1990638497;(0.11666666666666667, 0.051)
10273;3707267869;1428107932;(0.016666666666666666, 0.009)
10344;3707269519;3707268345;(0.31666666666666665, 0.16)
10454;3707270477;10783596826;(1.7333333333333334, 0.583)
880;30970749;30970723;(0.0, 0.0)
888;30970755;1008299793;(0.0, 0.0)
908;30970787;1428480843;(0.0, 0.005)
917;30970795;4429072076;(0.5, 0.253)
10482;3707271608;4205841698;(0.08333333333333333, 0.048)
10518;3707271942;3427548721;(0.4166666666666667, 0.144)
10519;3707272035;3707271909;(3.3833333333333333, 1.355)
10742;3707280145;3707280138;(0.1, 0.074)
20113;6209219187;6209219188;(0.38333333333333336, 0.256)
20251;6223436106;10798631299;(0.5666666666666667, 0.444)
939;30970855;5600925419;(0.0, 0.0)
20278;6223463323;967482840;(0.05, 0.051)
10804;3707283405;3707283399;(0.06666666666666667, 0.059)
10842;3707290100;3707268345;(0.016666666666666666, 0.009)
10915;3709507081;3707276164;(0.0, 0.012)
10918;3709571414;4435414251;(0.05, 0.038)
10934;3709575844;10821036124;(0.0, 0.0)
10979;3710764075;30984517;(0.13333333333333333, 0.049)
10995;3710810526;3710810523;(0.36666666666666664, 0.25)
959;30970879;1005309703;(0.0, 0.002)
11027;3710828143;3710828142;(-1, -1)
1006;30970905;30970904;(0.7333333333333333, 0.16)
1010;30970911;5600850712;(-1, -1)
20294;6223463347;6223463352;(0.05, 0.044)
1028;30970923;30985370;(0.0, 0.001)
11080;3710865363;6360588082;(0.11666666666666667, 0.039)
11144;3736372349;2510721568;(0.0, 0.002)
20320;6223463356;5600850429;(0.016666666666666666, 0.02)
11218;3737958830;6189073812;(0.7833333333333333, 0.328)
11243;3737958857;10552618169;(-1, -1)
20420;6223484244;6223484243;(0.0, 0.0)
11256;3737958935;5075785517;(0.08333333333333333, 0.056)
20499;6223509072;6223509071;(0.0, 0.0)
20516;6224859936;798886440;(0.18333333333333332, 0.068)
20542;6226102835;4929615359;(0.36666666666666664, 0.249)
1041;30970937;1991404499;(0.0, 0.0)
1046;30970938;6347561277;(0.08333333333333333, 0.031)
1071;30970975;30970971;(0.03333333333333333, 0.035)
1151;30971432;31003033;(0.0, 0.001)
1153;30971432;31003035;(0.0, 0.003)
20563;6228056131;6228056129;(0.8166666666666667, 0.162)
1158;30971486;30985482;(0.5166666666666667, 0.042)
20607;6238072889;6238072891;(0.05, 0.035)
1201;30973069;633941149;(1.3, 1.052)
20624;6238084280;6238203419;(-1, -1)
1249;30983339;30985648;(0.23333333333333334, 0.082)
1302;30983666;30970414;(-1, -1)
11323;3738278166;4112883319;(0.0, 0.007)
11330;3738278171;3738278172;(0.03333333333333333, 0.005)
11340;3738278179;2090416209;(0.2833333333333333, 0.12)
11452;3749342601;5600851113;(0.0, 0.004)
20625;6238084280;6202069639;(-1, -1)
11459;3749342609;10806995891;(0.03333333333333333, 0.024)
11472;3749342616;3749342613;(0.13333333333333333, 0.087)
20626;6238084280;3094469145;(-1, -1)
11526;3749346325;588513205;(0.0, 0.0)
20627;6238091445;2380187679;(-1, -1)
11528;3749417124;3696204910;(0.0, 0.0)
1369;30984093;30984120;(0.0, 0.004)
20640;6238178837;6238178824;(0.18333333333333332, 0.107)
11538;3775872912;31002776;(0.25, 0.107)
1411;30984143;30984144;(0.4, 0.175)
11581;3796757750;3269170164;(0.0, 0.0)
20759;6238179722;10806586623;(1.0333333333333334, 1.128)
1515;30984455;30984449;(0.13333333333333333, 0.055)
11607;3815603548;9029248005;(1.4333333333333333, 0.642)
1520;30984459;30984460;(0.38333333333333336, 0.079)
11614;3816547360;3707277971;(0.06666666666666667, 0.049)
1529;30984465;4540599885;(0.06666666666666667, 0.041)
11615;3829274770;5284457369;(2.4, 1.609)
1640;30984880;30984813;(0.0, 0.0)
1674;30985023;3224375167;(0.03333333333333333, 0.016)
1781;30985463;2357205639;(0.16666666666666666, 0.049)
1806;30985473;30985472;(0.06666666666666667, 0.057)
1833;30985496;30985492;(0.0, 0.003)
1895;30985555;30985554;(0.0, 0.002)
1911;30985588;30985589;(0.0, 0.0)
1938;30985625;993167762;(0.0, 0.001)
20769;6238179767;10806630639;(0.8, 0.877)
20814;6238203419;6238084280;(-1, -1)
1988;30985738;444056868;(0.11666666666666667, 0.04)
1995;30985740;993167762;(0.13333333333333333, 0.039)
2050;30985871;31001720;(-1, -1)
2082;30985913;30985876;(0.0, 0.001)
2128;30986146;30985483;(0.2833333333333333, 0.04)
2132;30986286;30986347;(0.11666666666666667, 0.061)
2213;31000781;31000792;(0.0, 0.001)
2242;31000802;10541965851;(-1, -1)
20815;6238245749;6238245750;(0.0, 0.001)
2401;31001094;31001095;(0.43333333333333335, 0.288)
2431;31001128;31001141;(0.16666666666666666, 0.071)
2447;31001141;31001143;(0.55, 0.09)
11725;4110346381;30970410;(0.03333333333333333, 0.016)
2477;31001221;4293677505;(0.0, 0.0)
2494;31001260;4949611766;(0.0, 0.001)
2509;31001310;31001311;(0.35, 0.231)
2514;31001313;8051291636;(0.0, 0.006)
2554;31001471;10819098541;(0.16666666666666666, 0.163)
2664;31002621;31002579;(0.0, 0.003)
2702;31002647;31002627;(0.1, 0.072)
2720;31002676;3183305847;(0.13333333333333333, 0.094)
20829;6238246974;10774968495;(-1, -1)
20830;6238246981;6238246991;(-1, -1)
20833;6238246984;6238246985;(-1, -1)
2757;31002773;2340781616;(0.0, 0.002)
2770;31002777;31002776;(0.0, 0.0)
2808;31002968;31002972;(0.0, 0.0)
20834;6238246984;6238246990;(-1, -1)
2841;31003043;31003047;(0.35, 0.191)
20835;6238246984;10774968495;(-1, -1)
20836;6238246985;6238246984;(-1, -1)
20837;6238246985;10774913065;(-1, -1)
11737;4112883324;4112883323;(0.0, 0.001)
20838;6238246985;6238246992;(-1, -1)
11818;4184880424;3707272830;(0.4166666666666667, 0.277)
20840;6238246990;6238246991;(-1, -1)
11829;4205841709;5078105986;(-1, -1)
20841;6238246990;6238246984;(-1, -1)
11849;4293677019;30985993;(0.3, 0.089)
20842;6238246991;6238246990;(-1, -1)
20843;6238246991;6238246981;(-1, -1)
20844;6238246991;6238246992;(-1, -1)
11906;4293765262;4293765261;(0.25, 0.102)
11915;4293765284;993167565;(1.2833333333333334, 0.465)
11945;4326256441;4436662819;(-1, -1)
12006;4333071283;30971086;(0.05, 0.04)
3076;306147195;4454285869;(-1, -1)
12018;4351640638;4431773179;(0.05, 0.028)
3079;306148951;960976276;(-1, -1)
20845;6238246992;6238246985;(-1, -1)
3092;409513713;30964337;(0.0, 0.007)
20846;6238246992;6238246991;(-1, -1)
3108;437556278;472585946;(0.2, 0.075)
3137;437556344;437556314;(0.0, 0.001)
3164;437556488;5599321949;(0.13333333333333333, 0.048)
20847;6238246992;10774913065;(-1, -1)
3224;438566231;437556488;(-1, -1)
3229;438566246;10838702849;(0.21666666666666667, 0.111)
20872;6238247358;10806756514;(0.1, 0.096)
20879;6238316956;10801202470;(-1, -1)
3364;444056906;7113263920;(1.0666666666666667, 0.445)
20902;6238317040;4429072253;(-1, -1)
3374;444059525;444059521;(0.23333333333333334, 0.104)
20914;6239960390;6239960416;(0.0, 0.0)
3453;472593399;3269239338;(0.06666666666666667, 0.042)
3527;472614565;472614566;(0.016666666666666666, 0.004)
3561;472615573;966367566;(0.0, 0.001)
12113;4427043521;4427043520;(0.05, 0.035)
3590;472628725;4454327571;(-1, -1)
12146;4427044501;4427044080;(0.0, 0.0)
3597;472632474;967482726;(0.38333333333333336, 0.306)
12151;4427044502;4427044501;(0.11666666666666667, 0.086)
3600;472927839;472927843;(0.05, 0.048)
20934;6239960409;6239960406;(0.0, 0.014)
3611;588512494;7133195494;(-1, -1)
12190;4427048421;4427048418;(0.36666666666666664, 0.165)
3644;588513644;588513585;(0.7333333333333333, 0.152)
12193;4427048422;4429994166;(0.11666666666666667, 0.08)
12232;4427103905;967496073;(0.0, 0.0)
3667;588513945;967571263;(0.11666666666666667, 0.09)
12281;4427146118;1005296795;(0.0, 0.001)
3698;588514037;1006743704;(0.23333333333333334, 0.08)
12303;4427151980;10841606636;(0.15, 0.07)
3763;633941136;10839152761;(-1, -1)
12331;4427159362;7519384119;(1.55, 0.52)
12333;4427159367;10698486332;(-1, -1)
20962;6242650065;6242650715;(-1, -1)
20964;6242650715;6242650065;(-1, -1)
21015;6247334584;5755115838;(-1, -1)
12346;4427165419;2510761410;(0.3333333333333333, 0.124)
3766;633941149;10839152761;(-1, -1)
21016;6247335397;5755115838;(-1, -1)
12415;4427168068;6223509044;(0.3333333333333333, 0.241)
3972;960976276;960976345;(-1, -1)
21018;6248017507;3094469411;(-1, -1)
12429;4427185753;4427185781;(0.11666666666666667, 0.082)
21019;6248072470;3094469145;(-1, -1)
3973;960976276;306148951;(-1, -1)
12483;4427185779;4427185767;(0.06666666666666667, 0.06)
21020;6248072470;4928113446;(-1, -1)
21021;6248072470;6318831859;(-1, -1)
3974;960976276;10809804621;(-1, -1)
3975;960976345;966454560;(-1, -1)
21036;6250108426;3696201741;(0.26666666666666666, 0.111)
12520;4427185797;4427185798;(0.48333333333333334, 0.357)
3976;960976345;960976276;(-1, -1)
21064;6250524819;10818716010;(0.0, 0.0)
3977;960976345;10809865696;(-1, -1)
12635;4427197636;4427197634;(0.05, 0.053)
12665;4427197692;4437825648;(0.1, 0.051)
12728;4427197739;4427197740;(0.13333333333333333, 0.101)
4025;966366938;966366930;(0.0, 0.001)
12736;4427197741;4427197740;(0.0, 0.005)
4038;966367077;966367344;(0.13333333333333333, 0.043)
21081;6254368829;3094469503;(-1, -1)
12900;4427726836;3269238733;(0.35, 0.152)
12990;4427836045;2216918610;(0.23333333333333334, 0.081)
13051;4428203097;6561895231;(2.066666666666667, 0.867)
13143;4428261871;4428261872;(0.2, 0.141)
13176;4428261990;3248594666;(0.5833333333333334, 0.37)
21082;6254368829;3094469487;(-1, -1)
4043;966367121;4434663533;(0.0, 0.0)
4078;966368590;4434663564;(0.0, 0.002)
21083;6254368829;6254368834;(-1, -1)
21084;6254368831;6254368833;(-1, -1)
4139;966441322;10807016028;(0.13333333333333333, 0.145)
21085;6254368832;3094469500;(-1, -1)
4143;966454560;960976345;(-1, -1)
4169;967431654;967454144;(-1, -1)
4182;967432640;967432834;(0.0, 0.0)
4189;967432807;4783206496;(0.0, 0.008)
13213;4428262057;4428262051;(0.0, 0.003)
13285;4428262194;7410393605;(0.3, 0.207)
21086;6254368833;6254368831;(-1, -1)
13327;4429021339;5600924257;(0.0, 0.008)
21087;6254368833;3094469500;(-1, -1)
13495;4429072282;5620388057;(-1, -1)
13511;4429072294;4429072296;(0.0, 0.002)
13562;4429131409;5104338090;(0.31666666666666665, 0.069)
13606;4429131447;4429131412;(0.15, 0.105)
4251;967482474;967482473;(0.0, 0.001)
4258;967482477;967482663;(0.15, 0.081)
13752;4429131561;10806951338;(0.0, 0.001)
13755;4429131565;10806951339;(0.06666666666666667, 0.05)
13814;4429131696;6881654121;(0.2, 0.142)
13829;4429131741;10810843221;(0.03333333333333333, 0.023)
4269;967482482;4437825533;(0.0, 0.002)
13854;4429131764;4427167538;(0.18333333333333332, 0.093)
4285;967482504;967482502;(0.26666666666666666, 0.106)
13909;4429994162;4427045330;(-1, -1)
13920;4429994165;4603965590;(-1, -1)
4302;967482525;967482523;(0.0, 0.003)
13931;4429994170;30963663;(0.0, 0.0)
14047;4431881873;4431881875;(0.0, 0.001)
14191;4431946059;4119436669;(0.11666666666666667, 0.088)
21088;6254368833;3094469503;(-1, -1)
21089;6254368834;6254368835;(-1, -1)
14228;4431946135;1005382801;(0.03333333333333333, 0.025)
14274;4431946159;5600926295;(-1, -1)
14334;4432790742;10552815996;(0.0, 0.003)
4350;967482746;967482726;(0.2833333333333333, 0.241)
14337;4434663511;5600850926;(0.016666666666666666, 0.004)
4479;967496260;967496281;(0.2, 0.071)
14363;4434663535;966366638;(0.08333333333333333, 0.047)
4480;967496260;5599362748;(0.0, 0.0)
14389;4434663561;4434663560;(0.15, 0.034)
4494;967496672;5272408195;(0.13333333333333333, 0.058)
14394;4434663562;4434663568;(0.31666666666666665, 0.14)
4499;967496689;5272408202;(0.0, 0.0)
14404;4434663566;4434663564;(-1, -1)
4550;967570598;4427167543;(0.15, 0.109)
14406;4434663570;31003265;(0.0, 0.011)
4557;967570614;2510721586;(0.0, 0.002)
14436;4435313292;3737958818;(0.06666666666666667, 0.053)
4636;968141414;968141510;(-1, -1)
14457;4435313387;5755115838;(-1, -1)
4639;968141510;968344963;(-1, -1)
4640;968141510;968141414;(-1, -1)
4641;968141510;968141877;(-1, -1)
4642;968141877;968141510;(-1, -1)
4643;968344963;968141510;(-1, -1)
21090;6254368834;6254368836;(-1, -1)
21091;6254368834;6254368829;(-1, -1)
21092;6254368835;3094469503;(-1, -1)
14461;4435313535;10783592436;(0.03333333333333333, 0.013)
21093;6254368835;6254368853;(-1, -1)
14468;4435313541;10783592429;(2.3333333333333335, 1.043)
14539;4435313930;3707271608;(-1, -1)
21094;6254368835;6254368834;(-1, -1)
21095;6254368835;6254368842;(-1, -1)
21096;6254368836;6254368834;(-1, -1)
21097;6254368836;6254368839;(-1, -1)
21098;6254368836;6254368838;(-1, -1)
4691;993167565;803941715;(0.0, 0.004)
21099;6254368836;6254368842;(-1, -1)
21100;6254368838;6254368870;(-1, -1)
21101;6254368838;3094469508;(-1, -1)
21102;6254368838;6254368836;(-1, -1)
21103;6254368839;6254368836;(-1, -1)
14559;4435414268;5600979085;(0.03333333333333333, 0.029)
21104;6254368842;3094469508;(-1, -1)
21105;6254368842;6254368835;(-1, -1)
21106;6254368842;6254368836;(-1, -1)
21107;6254368850;3094469508;(-1, -1)
4704;993167646;993167475;(0.0, 0.001)
4729;993167767;30985611;(0.25, 0.087)
4828;995446104;995445930;(0.0, 0.005)
4854;995446285;30984162;(0.0, 0.006)
4958;1003599525;2216918646;(0.23333333333333334, 0.052)
4971;1003614503;2641793576;(0.03333333333333333, 0.01)
4998;1003614644;5600850669;(0.21666666666666667, 0.042)
5004;1003614646;9262804420;(0.0, 0.002)
21108;6254368852;3094469482;(-1, -1)
21109;6254368853;6254368835;(-1, -1)
5065;1003782575;10783444911;(-1, -1)
5081;1003782698;1003912102;(-1, -1)
14571;4435414273;3269201799;(0.05, 0.044)
14607;4436520939;31002723;(0.0, 0.0)
14634;4436662818;4436662819;(-1, -1)
14637;4436662819;4326256441;(-1, -1)
14638;4436662819;4436662818;(-1, -1)
21110;6254368870;3094469714;(-1, -1)
14695;4436951121;4436951114;(0.0, 0.003)
5089;1003782719;1003782410;(0.0, 0.0)
14697;4436951130;4436951140;(0.18333333333333332, 0.109)
5097;1003782768;1003782565;(-1, -1)
14736;4437824228;5721424476;(-1, -1)
14755;4437825426;6958506019;(-1, -1)
5101;1003782773;1003782440;(0.0, 0.003)
5139;1003798237;10783444911;(-1, -1)
14788;4437825519;1011571579;(0.0, 0.005)
14816;4437825534;5600850776;(1.8833333333333333, 0.655)
21111;6254368870;6254368838;(-1, -1)
21112;6254368870;6254370385;(-1, -1)
21113;6254370385;6254368870;(-1, -1)
14843;4437825551;967482501;(0.0, 0.0)
21143;6288151035;6288151048;(0.85, 0.57)
14935;4437825617;4437825620;(0.016666666666666666, 0.021)
5181;1003912081;1003912120;(0.13333333333333333, 0.095)
15055;4437857757;4437857758;(0.05, 0.044)
21148;6288151046;6288151047;(0.8333333333333334, 0.551)
5199;1003912102;1003782765;(0.0, 0.003)
15062;4437857764;4427197832;(0.05, 0.042)
21170;6292018251;6292018253;(-1, -1)
5209;1003912121;1003912034;(-1, -1)
15067;4437857771;3707247098;(0.0, 0.0)
21184;6318831859;6248072470;(-1, -1)
5221;1003912152;1004236678;(0.0, 0.0)
21187;6347561276;6347561277;(0.5, 0.212)
21194;6356426059;6356426937;(-1, -1)
21195;6356426937;6356426059;(-1, -1)
15080;4437857781;4437857782;(0.06666666666666667, 0.044)
21225;6357318496;6357318495;(0.0, 0.0)
21239;6369366215;3707241590;(0.03333333333333333, 0.029)
5260;1004136866;10864414090;(0.9, 0.365)
5266;1004136870;1004136849;(0.5333333333333333, 0.133)
5539;1005841923;10698486337;(0.08333333333333333, 0.014)
21255;6395039263;2357196365;(0.0, 0.002)
15081;4437857781;4437857780;(0.05, 0.034)
15170;4439307065;4439307063;(0.03333333333333333, 0.031)
21265;6459139886;10819211144;(7.25, 2.956)
21383;6556642451;10806766858;(1.5166666666666666, 0.713)
15292;4454285842;633941136;(-1, -1)
15295;4454285860;10839152761;(-1, -1)
21395;6556642457;4432790725;(0.0, 0.0)
15299;4454285869;306147195;(-1, -1)
21399;6556642458;6556642456;(3.433333333333333, 1.947)
15313;4454327542;967431405;(1.35, 0.449)
5563;1005841998;4429072193;(0.23333333333333334, 0.083)
15391;4454367859;4454367863;(-1, -1)
15424;4462443906;4427043523;(0.18333333333333332, 0.082)
21486;6851335409;4427185811;(0.21666666666666667, 0.155)
5635;1006743598;4427060760;(0.0, 0.001)
5666;1006743639;1006743590;(0.13333333333333333, 0.099)
15523;4590287343;30985839;(0.0, 0.003)
5689;1006743706;588514039;(0.0, 0.001)
15546;4603965458;3707280143;(0.0, 0.0)
5782;1010592957;1010592972;(0.016666666666666666, 0.004)
15620;4603992030;4603992031;(0.35, 0.142)
5784;1010592967;1010592982;(0.16666666666666666, 0.074)
5793;1010592972;1010592972;(0.5166666666666667, 0.077)
5871;1010601949;1010601967;(0.06666666666666667, 0.034)
21498;6852456396;3707271598;(0.13333333333333333, 0.103)
21512;6852630550;4437825566;(3.2666666666666666, 1.348)
5884;1010601967;1010601949;(0.0, 0.002)
21684;6913540164;6913540159;(0.0, 0.0)
5915;1010602044;1010601991;(0.06666666666666667, 0.047)
21697;6913609816;6913606697;(0.0, 0.0)
5957;1011571596;1011571605;(0.21666666666666667, 0.147)
21744;6919726422;6919726421;(1.2666666666666666, 1.371)
21768;6924104068;3269258147;(0.0, 0.0)
15627;4603992033;4603992032;(0.0, 0.001)
15650;4611985435;4611985436;(0.03333333333333333, 0.032)
21796;6924126909;6924126911;(0.016666666666666666, 0.013)
15666;4611985457;2389897538;(0.43333333333333335, 0.298)
21810;6929638934;10245739439;(-1, -1)
6059;1014233854;1014233858;(0.016666666666666666, 0.002)
21813;6933125918;10801202477;(0.0, 0.001)
6202;1428107897;5601181154;(0.08333333333333333, 0.06)
21835;6958506035;6958506021;(0.23333333333333334, 0.178)
6230;1428107915;1428107913;(-1, -1)
21879;6992268556;3797189162;(-1, -1)
6231;1428107916;1428107900;(0.13333333333333333, 0.076)
22058;7017242532;7017242533;(0.05, 0.048)
6233;1428107916;1428107925;(0.0, 0.002)
6243;1428107932;3707267869;(0.16666666666666666, 0.056)
22073;7133195494;588512494;(-1, -1)
22125;7232105985;10568943406;(0.15, 0.109)
22154;7239239354;7239239326;(0.0, 0.0)
22260;7280600132;4427087208;(3.716666666666667, 1.239)
22313;7283122700;7283122698;(0.0, 0.007)
15678;4611985735;4611985734;(3.4833333333333334, 1.958)
22325;7283122726;7283122728;(0.0, 0.006)
22453;7367063031;7367063023;(0.05, 0.038)
6284;1428107962;4590287307;(0.0, 0.004)
22466;7367063037;7367063046;(0.06666666666666667, 0.05)
22505;7367417021;10785796352;(-1, -1)
22535;7372779914;10863952617;(0.25, 0.09)
15689;4611985768;10550713557;(1.0333333333333334, 0.759)
15693;4612002173;30970275;(0.21666666666666667, 0.133)
15697;4612002175;10550713552;(0.26666666666666666, 0.185)
15712;4612002186;3737958805;(0.0, 0.002)
22547;7374661021;3121102170;(-1, -1)
15741;4616381431;6202573288;(-1, -1)
6314;1428111276;10783567128;(-1, -1)
6315;1428111359;10783567128;(-1, -1)
22563;7410231140;7410231136;(0.0, 0.001)
6316;1428111359;31001539;(1.3333333333333333, 0.584)
15750;4616381515;6244752541;(0.21666666666666667, 0.073)
15782;4616381566;1008299885;(0.1, 0.046)
15787;4616381587;1428107856;(0.0, 0.0)
22588;7410393605;5600851525;(0.43333333333333335, 0.297)
15797;4616381603;4616381604;(0.016666666666666666, 0.011)
15859;4783104589;2340703433;(-1, -1)
22595;7413761401;3001434711;(0.0, 0.003)
22612;7426611408;3094469497;(-1, -1)
15868;4783224124;31003023;(0.05, 0.037)
6331;1428480717;1428480729;(0.1, 0.053)
22635;7437563984;7437596338;(-1, -1)
15913;4904836676;4437825689;(0.4166666666666667, 0.12)
6374;1428480811;1428480824;(0.31666666666666665, 0.106)
22637;7437596322;7437596347;(-1, -1)
6405;1428480839;1428480842;(-1, -1)
22638;7437596322;7437596337;(-1, -1)
6437;1428480855;1428480842;(0.0, 0.0)
15949;4928113270;4928113276;(-1, -1)
6445;1428480857;3269201801;(0.48333333333333334, 0.186)
15982;4928113446;6248072470;(-1, -1)
6455;1428480870;30962459;(0.0, 0.0)
6495;1703384891;10780755297;(-1, -1)
6505;1990249623;30962591;(1.25, 0.438)
22639;7437596322;7437596338;(-1, -1)
16021;4929615583;4929615547;(0.15, 0.09)
22640;7437596337;7437596322;(-1, -1)
6528;1990249639;1990249636;(0.16666666666666666, 0.116)
6568;1991404488;4328706301;(0.45, 0.176)
16077;4949611751;2357205669;(0.31666666666666665, 0.106)
6635;1991487478;1991487481;(0.35, 0.152)
16079;4949611765;31001263;(0.016666666666666666, 0.02)
16103;4993672623;4616381616;(0.0, 0.001)
16131;4993672639;967570602;(0.08333333333333333, 0.042)
22641;7437596338;7437596347;(-1, -1)
16149;4993701432;3707242425;(0.0, 0.0)
16204;5076262429;10786477156;(6.183333333333334, 6.71)
6646;1991883106;30985788;(0.13333333333333333, 0.048)
16212;5078105933;5078105938;(0.0, 0.006)
6653;1991883107;1991883106;(0.0, 0.0)
6670;2015930478;4436520073;(0.2833333333333333, 0.074)
6723;2090416192;966368943;(-1, -1)
6800;2311570870;588513715;(0.0, 0.002)
16248;5078105990;3707252260;(0.05, 0.04)
16268;5078138657;5078138680;(0.08333333333333333, 0.085)
6818;2334753701;31003094;(0.08333333333333333, 0.046)
16277;5078138672;5078138654;(0.06666666666666667, 0.065)
6826;2334753719;2340703490;(0.23333333333333334, 0.096)
22642;7437596338;7437596322;(-1, -1)
16296;5078138688;5078138655;(0.0, 0.006)
22643;7437596338;7437563984;(-1, -1)
16406;5104338090;4429131409;(0.0, 0.002)
22644;7437596338;7437596341;(-1, -1)
6852;2340703433;4783104589;(-1, -1)
6866;2340703468;2334770274;(-1, -1)
16416;5104338095;6223509077;(0.1, 0.072)
6951;2348419347;874430452;(0.0, 0.005)
16420;5104338098;4429131412;(0.11666666666666667, 0.082)
7011;2348419411;2348419399;(0.13333333333333333, 0.094)
16444;5104365617;3240488679;(0.26666666666666666, 0.233)
16454;5144343496;5144343497;(0.35, 0.173)
16457;5144343497;5144343496;(0.3333333333333333, 0.132)
7067;2357112955;6238245752;(0.9666666666666667, 1.057)
16601;5322195894;30965255;(0.0, 0.0)
16628;5390366325;5390364918;(1.9, 0.634)
22645;7437596341;7437596338;(-1, -1)
16679;5599321489;5611061936;(0.36666666666666664, 0.242)
16717;5599321707;4428262065;(0.0, 0.0)
16728;5599321718;4119438047;(0.36666666666666664, 0.246)
7068;2357112955;6919738319;(0.9833333333333333, 0.651)
7069;2357113000;6238245752;(1.2166666666666666, 1.319)
16745;5599321743;5599321745;(0.0, 0.002)
22646;7437596346;7437596347;(-1, -1)
7072;2357113025;2357113000;(0.43333333333333335, 0.17)
16763;5599321765;5599321816;(0.1, 0.036)
22647;7437596347;7437596322;(-1, -1)
7093;2357195915;2357195917;(0.1, 0.032)
22648;7437596347;7437596338;(-1, -1)
7094;2357195915;3707279858;(0.0, 0.003)
7108;2357195973;10211624750;(0.55, 0.111)
7132;2357196080;2357112746;(0.0, 0.0)
16766;5599321767;2606683622;(0.7666666666666667, 0.309)
16819;5599321857;5599321858;(0.0, 0.002)
22649;7437596347;7437596346;(-1, -1)
16829;5599321877;5599321878;(0.08333333333333333, 0.059)
7206;2357196196;6991141329;(0.5833333333333334, 0.177)
16854;5599321893;5599321894;(-1, -1)
16869;5599321904;5599321903;(0.2833333333333333, 0.145)
7221;2357196207;2357196204;(0.21666666666666667, 0.05)
7231;2357196213;2357196157;(0.016666666666666666, 0.005)
16916;5599321939;5599321936;(0.0, 0.001)
7280;2357196317;2357196307;(0.0, 0.005)
7291;2357196359;6395039263;(0.0, 0.001)
7298;2357196365;6395039263;(0.06666666666666667, 0.045)
7351;2380187360;2380187679;(-1, -1)
7360;2380187679;3094469342;(-1, -1)
22650;7437596347;7437596351;(-1, -1)
22651;7437596351;7437596347;(-1, -1)
22683;7438351786;5700455262;(-1, -1)
22713;7466519585;5600925394;(0.0, 0.001)
16946;5599321955;5599321954;(0.0, 0.001)
16962;5599321966;2510721593;(0.16666666666666666, 0.033)
7361;2380187679;2380187360;(-1, -1)
16980;5599321986;5599321985;(0.4166666666666667, 0.166)
16995;5599321995;4427836632;(0.0, 0.002)
17000;5599321996;5599321998;(-1, -1)
22762;7571909981;30963983;(0.0, 0.0)
22775;7572038922;967496286;(0.1, 0.06)
22870;8051291613;8051291620;(1.6833333333333333, 0.415)
22884;8051291645;4936604983;(0.03333333333333333, 0.009)
17002;5599321998;5599321996;(0.05, 0.02)
7362;2380187679;6238091445;(-1, -1)
22909;8051305486;8051291670;(0.0, 0.001)
7384;2389897532;4611985436;(0.03333333333333333, 0.032)
22916;8051305517;8051305499;(5.416666666666667, 1.878)
17035;5599322028;441233590;(1.0, 0.253)
22950;8051317063;8051317065;(0.13333333333333333, 0.113)
17049;5599322043;5599322039;(0.016666666666666666, 0.016)
17053;5599322047;5599322048;(-1, -1)
17113;5599362818;1005765280;(0.0, 0.001)
22955;8051317068;5076262360;(0.18333333333333332, 0.151)
17172;5599365079;5599365081;(0.08333333333333333, 0.037)
17242;5599365331;1005765896;(0.15, 0.098)
17257;5599365351;10570947453;(0.0, 0.0)
17281;5599365382;472593403;(-1, -1)
23030;8051710073;10770077088;(0.3, 0.148)
17373;5599365455;5599365456;(0.08333333333333333, 0.064)
23065;8051767612;10806176956;(0.2, 0.07)
7448;2510721594;2510770376;(0.4666666666666667, 0.117)
7450;2510721595;4180155250;(0.11666666666666667, 0.085)
7554;2606683622;3696204041;(0.18333333333333332, 0.084)
17444;5599452803;5599452802;(0.0, 0.002)
17448;5599452804;5599452805;(0.08333333333333333, 0.063)
17580;5600850470;30971835;(0.13333333333333333, 0.088)
17686;5600850672;5600850669;(-1, -1)
7563;2606683628;5599321811;(1.3, 0.515)
17704;5600850703;4437825560;(0.0, 0.0)
7586;2606683645;2606683643;(0.11666666666666667, 0.049)
17796;5600850893;30971325;(0.7333333333333333, 0.366)
7590;2606683661;8236877266;(0.21666666666666667, 0.13)
7669;2640512453;6245008528;(0.15, 0.044)
7689;2640595368;2640595373;(0.0, 0.0)
7752;2641789051;5600850816;(0.05, 0.022)
23074;8051767636;8051767637;(0.08333333333333333, 0.029)
7779;2649600398;31003267;(-1, -1)
17945;5600851161;5600851162;(0.03333333333333333, 0.056)
17950;5600851162;5600851161;(0.0, 0.004)
7811;2710884273;30964769;(0.16666666666666666, 0.072)
7816;2710884288;2710884290;(0.1, 0.035)
7855;2988707181;6202157617;(-1, -1)
7906;3076193617;1005841820;(0.0, 0.0)
23095;8051802609;2348419349;(0.0, 0.01)
7949;3089639234;10563590583;(0.0, 0.002)
8000;3094469145;3094469342;(-1, -1)
8001;3094469145;6248072470;(-1, -1)
23117;8051802634;6855294996;(0.05, 0.04)
8002;3094469145;6238084280;(-1, -1)
23144;8051802672;8051802669;(7.216666666666667, 5.298)
8003;3094469342;2380187679;(-1, -1)
8004;3094469342;3094469145;(-1, -1)
17962;5600851179;5600851180;(0.1, 0.037)
17964;5600851179;5600851175;(0.2833333333333333, 0.095)
17992;5600851244;4428262074;(0.03333333333333333, 0.026)
8005;3094469342;3094469411;(-1, -1)
18000;5600851249;5600851245;(0.25, 0.168)
8006;3094469411;3094469497;(-1, -1)
23206;8236877265;2606683644;(0.08333333333333333, 0.067)
18002;5600851252;5600851249;(-1, -1)
18007;5600851255;5600851249;(0.16666666666666666, 0.128)
8007;3094469411;3094469342;(-1, -1)
8008;3094469411;6248017507;(-1, -1)
18011;5600851266;4428262074;(0.23333333333333334, 0.165)
8009;3094469482;3094469487;(-1, -1)
18015;5600851457;588512494;(2.95, 3.202)
8010;3094469482;3094469497;(-1, -1)
18027;5600851486;5600851490;(0.11666666666666667, 0.088)
18061;5600851635;5600851633;(0.4666666666666667, 0.324)
8011;3094469482;6254368852;(-1, -1)
8012;3094469487;3094469500;(-1, -1)
23269;8236942747;10806794648;(2.1666666666666665, 1.376)
23288;8236942848;10809702402;(-1, -1)
18111;5600924221;5600924110;(0.8166666666666667, 0.547)
23289;8236942848;10809743192;(-1, -1)
23296;8297980459;8297980458;(0.03333333333333333, 0.022)
23350;9029248009;9029248008;(1.5166666666666666, 0.77)
18118;5600924260;5600924261;(0.1, 0.073)
18126;5600924264;5600924265;(0.0, 0.002)
18135;5600924288;4431946056;(0.0, 0.001)
8013;3094469487;3094469482;(-1, -1)
8014;3094469487;6254368829;(-1, -1)
8015;3094469497;3094469482;(-1, -1)
8016;3094469497;3094469411;(-1, -1)
8017;3094469497;7426611408;(-1, -1)
23398;9273536180;9273536179;(0.15, 0.082)
23409;9273585252;9273585251;(0.05, 0.036)
23436;9412923087;9412923081;(0.016666666666666666, 0.011)
18199;5600924452;3707279877;(0.0, 0.0)
23458;9412925960;10806345277;(0.03333333333333333, 0.02)
18243;5600924491;6223484246;(0.0, 0.001)
23499;9412939571;9412939570;(0.4, 0.225)
18244;5600924493;5600925373;(0.05, 0.033)
23629;9976077381;4437825499;(0.13333333333333333, 0.153)
23698;10245739439;6929638934;(-1, -1)
18308;5600925376;6223484251;(0.0, 0.0)
18336;5600925392;4427155021;(0.016666666666666666, 0.012)
18359;5600925400;5600925403;(0.06666666666666667, 0.042)
8018;3094469500;3094469503;(-1, -1)
8019;3094469500;3094469487;(-1, -1)
8020;3094469500;6254368832;(-1, -1)
8021;3094469500;6254368833;(-1, -1)
8022;3094469503;6254368835;(-1, -1)
8023;3094469503;3094469500;(-1, -1)
23763;10544215332;5755116515;(0.0, 0.002)
23769;10544215338;10821035394;(0.25, 0.232)
8024;3094469503;6254368829;(-1, -1)
18362;5600925402;4431946140;(0.03333333333333333, 0.023)
18369;5600925406;5600925408;(0.15, 0.046)
18413;5600925525;10818904808;(0.1, 0.068)
18425;5600925543;5600925542;(0.1, 0.069)
18455;5600925601;4427159357;(0.4166666666666667, 0.253)
23866;10563735871;10563735870;(0.05, 0.039)
18511;5600925805;10806814916;(0.5833333333333334, 0.507)
23867;10563805457;10838702839;(0.18333333333333332, 0.124)
18524;5600925900;5600925911;(0.0, 0.01)
23914;10566564502;10566564503;(-1, -1)
18563;5600926282;5600926284;(0.03333333333333333, 0.032)
8025;3094469503;6254368833;(-1, -1)
18610;5600926307;5600926305;(0.1, 0.066)
8026;3094469508;6254368838;(-1, -1)
18622;5600926423;3269238681;(-1, -1)
8027;3094469508;6254368842;(-1, -1)
23922;10568506484;2357112763;(0.13333333333333333, 0.061)
18626;5600926427;5600926428;(0.0, 0.001)
8028;3094469508;6254368850;(-1, -1)
23943;10568672505;4435414258;(1.7, 1.171)
24007;10568943408;5599365043;(0.0, 0.006)
24061;10570964644;10570964640;(0.7666666666666667, 0.312)
24063;10570964644;10570964650;(0.9666666666666667, 0.44)
24068;10570964658;967496044;(0.06666666666666667, 0.052)
24107;10571587909;4993672628;(0.8, 0.217)
24183;10577791253;10577777428;(-1, -1)
18739;5600926709;5600926704;(0.016666666666666666, 0.017)
18767;5600926741;5600926743;(0.06666666666666667, 0.046)
8029;3094469714;3094469717;(-1, -1)
18831;5600979025;5600979024;(0.0, 0.006)
8030;3094469714;3094469717;(-1, -1)
24184;10577791253;10577777428;(-1, -1)
18836;5600979028;4435421097;(0.06666666666666667, 0.036)
8031;3094469714;6254368870;(-1, -1)
24186;10577791264;10577791272;(0.25, 0.183)
8032;3094469717;3094616289;(-1, -1)
8033;3094469717;3094469714;(-1, -1)
24243;10627478970;5649439753;(0.0, 0.002)
8034;3094469717;3094469714;(-1, -1)
8038;3094616052;10772770813;(-1, -1)
24253;10698486328;1005842001;(0.016666666666666666, 0.012)
8041;3094616289;3094469717;(-1, -1)
24265;10698486334;10698486333;(0.0, 0.002)
24293;10760269283;10760269284;(-1, -1)
8043;3094616289;3094616577;(7.45, 8.074)
8054;3121101848;5700455266;(-1, -1)
18845;5600979047;5600979043;(0.7833333333333333, 0.337)
18908;5600979185;5600979170;(1.75, 1.206)
19027;5601181336;4205841709;(0.0, 0.0)
19030;5601181337;5601181336;(0.1, 0.078)
8055;3121102155;5700455262;(-1, -1)
19034;5601181341;5601181340;(0.08333333333333333, 0.051)
8056;3121102155;5700455266;(-1, -1)
8057;3121102155;5700455265;(-1, -1)
24330;10772770813;3094616052;(-1, -1)
8058;3121102170;5700455262;(-1, -1)
24374;10774913065;6238246992;(-1, -1)
24375;10774913065;6238246985;(-1, -1)
8059;3121102170;7374661021;(-1, -1)
24376;10774913065;10786525629;(-1, -1)
8060;3121102170;5700455265;(-1, -1)
24377;10774913075;10774968495;(-1, -1)
24378;10774913075;10774913089;(-1, -1)
19082;5601181645;5601181638;(0.0, 0.003)
19084;5601181645;7440215949;(0.0, 0.0)
8112;3183305848;31001339;(0.05, 0.023)
8132;3196478194;1004136849;(0.26666666666666666, 0.057)
8224;3225934934;4110282250;(0.18333333333333332, 0.092)
8272;3240205813;30966266;(0.2, 0.121)
8289;3240488710;4429131407;(0.1, 0.074)
19193;5611061011;6288151068;(0.08333333333333333, 0.061)
24379;10774913089;10774913075;(-1, -1)
24380;10774968495;6238246984;(-1, -1)
24381;10774968495;6238246974;(-1, -1)
24382;10774968495;10774913075;(-1, -1)
8329;3241291978;3244051177;(0.1, 0.076)
19266;5649315034;5649315033;(0.0, 0.0)
8383;3241425153;2083900892;(0.26666666666666666, 0.133)
8392;3241425156;3241425158;(0.06666666666666667, 0.06)
24404;10780755297;1703384891;(-1, -1)
8485;3248594690;10781391360;(-1, -1)
24506;10783567128;1428111276;(-1, -1)
24507;10783567128;1428111359;(-1, -1)
24508;10783567128;11047357300;(-1, -1)
24551;10783592433;3707269820;(-1, -1)
24553;10783592434;10783592433;(0.45, 0.15)
8493;3248632943;11047357300;(-1, -1)
19294;5650160616;5650160601;(0.05, 0.036)
8500;3251912619;3247225172;(0.0, 0.002)
19303;5667747487;10806891836;(3.8666666666666667, 1.984)
24601;10783596825;3707270473;(0.23333333333333334, 0.079)
19309;5667761030;5667760936;(0.3333333333333333, 0.233)
24727;10785796349;10817195840;(0.26666666666666666, 0.19)
19352;5700455207;5700455230;(4.75, 5.151)
24750;10786460816;3183305836;(0.3, 0.198)
24767;10786525623;10786525629;(-1, -1)
19359;5700455262;3121102170;(-1, -1)
19360;5700455262;3121102155;(-1, -1)
8508;3251924289;409513713;(0.0, 0.0)
19361;5700455262;7438351786;(-1, -1)
8546;3257420132;10566490412;(0.0, 0.0)
19362;5700455265;3121102155;(-1, -1)
8555;3257430562;5600850994;(0.06666666666666667, 0.048)
19363;5700455265;5700455266;(-1, -1)
8564;3257430566;3257430571;(-1, -1)
19364;5700455265;3121102170;(-1, -1)
8574;3257430569;3257423857;(0.26666666666666666, 0.163)
19365;5700455266;3121102155;(-1, -1)
8608;3269164713;3269238738;(0.13333333333333333, 0.058)
8677;3269170181;3269170182;(0.03333333333333333, 0.009)
8679;3269170181;3269170183;(0.35, 0.171)
8685;3269170183;3269170185;(0.23333333333333334, 0.093)
24768;10786525629;10786525623;(-1, -1)
19366;5700455266;3121101848;(-1, -1)
24769;10786525629;10798241120;(-1, -1)
24770;10786525629;10774913065;(-1, -1)
24788;10786749674;10783930683;(0.0, 0.0)
19367;5700455266;5700455265;(-1, -1)
24797;10786799446;10786799461;(0.06666666666666667, 0.061)
19369;5700803828;5700803834;(0.08333333333333333, 0.04)
24808;10786799464;10786799446;(0.0, 0.003)
19377;5721085841;10807037906;(0.3, 0.151)
24811;10786799468;10786799505;(-1, -1)
19384;5721085860;6189170122;(0.1, 0.074)
24881;10789145964;10789290004;(0.0, 0.0)
19417;5721430051;5721430050;(0.25, 0.051)
24886;10789151418;10789141725;(0.0, 0.0)
24888;10789151418;10789113688;(0.0, 0.0)
24944;10789356470;6193842681;(-1, -1)
24945;10789356470;6193842618;(-1, -1)
24946;10789356470;10789356471;(-1, -1)
24947;10789356471;10789356470;(-1, -1)
25083;10789760584;5076262429;(-1, -1)
25111;10798241120;10786525629;(-1, -1)
25120;10798631295;6223436108;(0.23333333333333334, 0.181)
25138;10798836950;10789378312;(5.1, 2.315)
25163;10800532248;4437859317;(0.03333333333333333, 0.033)
25197;10800802054;5151879974;(0.016666666666666666, 0.014)
25204;10800810527;10800810523;(0.35, 0.238)
25223;10800955412;4431946049;(0.05, 0.032)
25241;10801030021;2348419349;(-1, -1)
25253;10801202462;10801202461;(0.0, 0.008)
25277;10801202488;10800810527;(0.15, 0.145)
25297;10803402150;3269239088;(0.21666666666666667, 0.144)
25310;10803402162;10803402160;(0.23333333333333334, 0.153)
25335;10803681549;10568666582;(0.18333333333333332, 0.084)
25375;10803901584;10803930529;(-1, -1)
25392;10803901597;10789496101;(3.15, 3.157)
25394;10803901599;10803901600;(-1, -1)
25425;10803930518;10803930515;(0.7, 0.506)
25432;10803930520;10803930522;(0.6666666666666666, 0.492)
25467;10803930533;10803930536;(0.7, 0.506)
25527;10806163142;10806163141;(0.95, 0.677)
25534;10806176961;31001156;(0.0, 0.003)
25566;10806543706;10806634582;(0.0, 0.002)
25625;10806634521;10806634522;(0.06666666666666667, 0.038)
25646;10806634539;10806634558;(3.033333333333333, 3.042)
25672;10806634557;10806634558;(0.0, 0.0)
25725;10806703938;10806677966;(0.25, 0.177)
25804;10806927029;10806927030;(0.05, 0.052)
25819;10806935462;5600924479;(0.26666666666666666, 0.177)
25877;10807002615;5650160610;(0.11666666666666667, 0.123)
25961;10809729504;10809754805;(1.25, 0.422)
25980;10809754807;10810641589;(0.5333333333333333, 0.18)
25996;10809780748;4429072253;(1.6833333333333333, 0.986)
26013;10809780755;5599321828;(0.26666666666666666, 0.133)
26022;10809780759;10810003423;(0.4666666666666667, 0.509)
26024;10809780760;10809780761;(-1, -1)
26028;10809780761;10809780760;(-1, -1)
26036;10809780771;4429072273;(0.0, 0.004)
26051;10809792015;10568780290;(0.13333333333333333, 0.097)
26058;10809804621;960976276;(-1, -1)
26063;10809831850;5736179560;(0.8833333333333333, 0.458)
26064;10809831853;8236942789;(-1, -1)
26071;10809865696;960976345;(-1, -1)
26100;10810501991;10810501996;(-1, -1)
26124;10810557752;6208209306;(0.0, 0.0)
26134;10810598124;5856966061;(0.0, 0.001)
26250;10810856375;10810856376;(0.8333333333333334, 0.306)
26332;10817214194;10817214196;(0.0, 0.004)
